1	Russell Westbrook	OKC	28	35	21	14	34.6	30.9	10.2	23.8	42.8	1.8	5.5	32.5	8.7	10.7	82.0	1.9	8.5	10.4	10.5	5.4	1.3	0.3	2.3	27	16	5.3
2	DeMarcus Cousins	SAC	26	33	15	18	34.8	29.0	9.8	21.6	45.3	1.8	4.8	38.2	7.6	9.7	78.5	2.1	8.0	10.1	3.8	3.0	1.4	1.4	3.7	15	0	1.4
3	Anthony Davis	NOP	23	34	14	20	37.3	28.9	10.4	21.1	49.1	0.6	2.0	27.9	7.6	9.5	79.3	2.2	9.6	11.8	2.1	2.6	1.4	2.6	2.4	22	0	-0.9
4	James Harden	HOU	27	36	27	9	36.5	28.4	8.3	18.6	44.5	3.1	8.8	35.6	8.8	10.3	84.7	1.3	6.9	8.2	11.9	5.7	1.4	0.3	2.5	29	9	7.5
5	Isaiah Thomas	BOS	27	31	20	11	33.5	27.8	8.5	18.9	45.3	2.6	7.3	36.4	8.0	8.9	90.5	0.5	2.1	2.5	6.4	2.2	0.9	0.1	2.3	4	0	1.6
6	DeMar DeRozan	TOR	27	34	23	11	35.3	27.5	9.9	21.0	47.3	0.4	1.6	24.5	7.2	8.6	83.7	0.9	4.1	5.0	4.0	2.4	1.3	0.1	1.9	1	0	2.6
7	Damian Lillard	POR	26	32	13	19	35.8	27.0	8.8	19.3	45.4	2.6	7.3	35.2	7.0	7.8	89.6	0.5	3.9	4.5	6.2	2.7	0.9	0.3	2.4	7	0	-2.5
8	Kevin Durant	GSW	28	35	30	5	34.2	25.7	9.1	17.0	53.7	1.9	4.8	39.3	5.5	6.4	86.2	0.6	8.2	8.7	4.7	2.3	1.1	1.5	2.1	14	1	10.4
9	LeBron James	CLE	32	30	26	4	37.2	25.6	9.5	18.7	50.8	1.9	5.0	37.3	4.8	7.0	68.4	1.4	6.4	7.8	8.6	3.8	1.4	0.6	1.6	14	3	10.2
10	Jimmy Butler	CHI	27	35	17	18	36.6	25.3	7.9	17.1	46.0	1.1	3.3	33.3	8.5	9.7	88.2	1.8	5.0	6.8	4.4	2.1	1.7	0.3	1.8	5	0	2.9
11	Kawhi Leonard	SAS	25	33	26	7	33.2	24.0	7.8	16.6	47.0	2.0	4.9	40.4	6.4	7.0	91.8	1.3	4.6	5.9	3.1	1.9	2.0	0.6	1.5	6	0	5.4
12	Kyrie Irving	CLE	24	29	23	6	34.7	23.9	9.0	18.7	48.1	2.3	5.6	42.0	3.7	4.2	87.6	0.8	2.8	3.6	6.0	2.5	1.1	0.1	1.8	6	0	6.4
13	Stephen Curry	GSW	28	35	30	5	33.3	23.9	7.8	16.7	46.5	3.7	9.2	40.1	4.7	5.0	93.7	0.6	3.6	4.2	5.8	2.7	1.7	0.1	2.5	2	0	12.3
14	Giannis Antetokounmpo	MIL	22	33	17	16	35.2	23.8	8.6	16.0	53.6	0.7	2.4	29.5	6.0	7.7	77.6	1.9	7.0	9.0	5.9	2.9	1.9	1.9	3.4	15	2	4.3
15	John Wall	WAS	26	32	16	16	36.3	23.5	8.5	18.3	46.5	1.2	3.6	32.5	5.3	6.4	82.0	0.9	3.6	4.5	10.0	4.5	2.3	0.6	2.2	21	0	1.0
16	Kemba Walker	CHA	26	34	19	15	33.5	23.0	8.3	17.6	47.0	2.8	6.6	42.0	3.7	4.5	82.5	0.6	3.7	4.2	5.4	2.1	1.3	0.2	1.5	5	0	3.4
17	CJ McCollum	POR	25	36	15	21	34.4	22.9	8.4	17.6	47.9	2.5	5.8	43.0	3.5	3.9	90.1	0.9	2.7	3.5	3.7	2.3	1.0	0.6	2.8	1	0	-1.8
18	Paul George	IND	26	29	15	14	35.9	22.4	7.8	17.3	44.9	2.4	6.1	38.8	4.6	4.9	93.0	0.9	5.6	6.5	3.2	2.9	1.7	0.3	2.8	3	0	1.6
19	Gordon Hayward	UTA	26	29	19	10	35.2	22.4	7.2	15.9	45.3	1.9	5.1	36.5	6.1	7.0	87.7	0.6	5.4	6.0	3.7	2.0	1.0	0.4	1.8	2	0	5.4
20	Kyle Lowry	TOR	30	34	23	11	36.9	22.2	7.1	15.0	47.4	3.4	7.6	44.4	4.6	5.4	85.4	0.9	3.9	4.8	7.1	2.9	1.4	0.3	2.9	6	0	7.6
21	Bradley Beal	WAS	23	30	15	15	34.3	22.1	7.6	16.9	45.0	2.8	7.2	38.9	4.1	5.1	80.4	0.6	2.2	2.8	3.6	1.7	1.0	0.3	2.1	0	0	3.4
22	Carmelo Anthony	NYK	32	33	16	17	33.4	21.8	7.7	18.4	42.0	1.8	5.5	33.3	4.5	5.2	87.2	0.9	5.2	6.1	2.8	1.8	1.0	0.4	2.8	2	0	-2.2
23	Kevin Love	CLE	28	30	24	6	31.7	21.8	7.0	15.6	44.8	2.7	6.8	39.7	5.2	6.0	87.2	2.5	8.4	10.9	1.7	2.1	1.1	0.4	1.9	21	0	8.9
24	Andrew Wiggins	MIN	21	35	11	24	36.7	21.7	7.9	17.8	44.1	1.3	3.7	34.9	4.7	6.4	73.8	1.2	3.1	4.3	2.3	2.3	0.8	0.3	2.0	1	0	-1.1
25	Klay Thompson	GSW	26	35	30	5	34.1	21.7	8.3	17.3	47.6	3.1	7.9	39.6	2.1	2.3	88.9	0.5	3.1	3.6	2.0	1.8	0.8	0.4	1.7	0	0	11.3
26	Karl-Anthony Towns	MIN	21	35	11	24	35.3	21.6	8.2	17.3	47.6	1.2	3.9	31.1	3.9	4.9	80.6	3.6	8.0	11.6	2.9	2.6	0.5	1.4	2.9	25	1	-1.3
27	Blake Griffin	LAC	27	26	19	7	33.6	21.2	7.9	16.5	48.0	0.2	0.8	22.7	5.2	6.9	74.9	2.0	6.8	8.8	4.7	2.4	1.0	0.5	2.7	11	0	9.3
28	Zach LaVine	MIN	21	34	10	24	37.6	21.1	7.7	16.1	47.6	2.9	7.1	41.7	2.8	3.3	85.6	0.4	2.6	3.0	3.0	2.0	0.9	0.2	2.3	0	0	-1.9
29	Harrison Barnes	DAL	24	35	11	24	36.1	20.6	8.2	17.6	46.7	1.0	3.1	33.6	3.2	3.6	87.4	1.4	4.2	5.6	1.4	1.4	0.9	0.2	1.7	1	0	-2.5
30	Jabari Parker	MIL	21	33	17	16	33.7	20.5	8.1	16.2	49.9	1.3	3.3	39.1	3.0	4.0	74.2	1.6	4.2	5.8	2.4	1.6	1.1	0.3	1.9	0	0	-0.2
31	Brook Lopez	BKN	28	30	8	22	29.1	20.3	7.1	15.1	46.9	1.9	5.3	36.5	4.2	5.0	84.7	1.7	3.6	5.3	2.7	2.4	0.6	1.8	2.4	2	0	-3.1
32	Kristaps Porzingis	NYK	21	32	16	16	34.8	20.1	7.3	16.2	45.2	2.1	5.3	40.2	3.4	4.3	78.8	1.8	6.0	7.9	1.3	1.7	0.8	1.9	3.7	8	0	-0.5
33	Eric Bledsoe	PHX	27	36	11	25	32.5	19.9	6.9	15.7	44.0	1.4	4.5	30.1	4.8	5.8	81.9	0.9	4.3	5.1	5.7	3.1	1.5	0.5	2.7	4	0	-4.3
34	Marc Gasol	MEM	31	35	22	13	33.6	19.6	7.1	15.9	44.9	1.4	3.4	40.8	3.9	4.7	83.0	0.8	5.3	6.1	4.2	2.0	1.0	1.5	2.2	5	1	1.7
35	Joel Embiid	PHI	22	23	7	16	25.1	19.2	6.3	13.7	46.0	1.2	3.0	38.6	5.4	7.0	77.0	2.1	5.3	7.3	1.9	3.7	0.8	2.4	3.5	6	0	-0.3
36	Goran Dragic	MIA	30	28	9	19	34.4	19.0	6.9	15.4	45.1	1.5	3.8	40.6	3.6	4.5	78.7	0.7	3.2	3.9	6.8	3.3	0.9	0.2	2.9	3	0	-3.7
37	Devin Booker	PHX	20	35	11	24	33.2	18.9	6.9	17.1	40.2	1.6	5.0	32.6	3.5	4.3	82.0	0.5	2.3	2.9	3.2	2.6	1.0	0.2	3.1	0	0	-3.4
38	Dwyane Wade	CHI	34	32	15	17	30.4	18.8	7.0	16.0	43.5	0.9	2.8	30.8	4.0	4.9	81.5	1.1	3.0	4.1	3.7	2.2	1.4	0.7	1.9	1	0	0.1
39	George Hill	UTA	30	13	10	3	30.5	18.8	6.7	12.2	54.7	2.2	4.5	47.5	3.2	3.9	82.4	0.4	3.3	3.7	4.2	1.3	1.2	0.2	2.2	0	0	9.8
40	Rudy Gay	SAC	30	24	10	14	33.6	18.5	6.7	14.7	45.5	1.3	3.6	34.5	3.9	4.6	84.7	0.9	5.4	6.3	3.0	2.3	1.5	0.7	2.5	2	0	2.8
41	Mike Conley	MEM	29	25	14	11	31.2	18.4	5.9	13.4	43.9	2.3	5.4	43.0	4.3	5.0	86.4	0.4	3.0	3.5	5.4	2.2	1.3	0.5	1.6	2	0	0.6
42	Lou Williams	LAL	30	38	13	25	24.6	18.2	5.6	12.7	43.8	1.8	5.0	36.8	5.2	6.1	86.5	0.2	2.0	2.3	3.1	2.1	1.3	0.2	1.1	0	0	1.3
43	Paul Millsap	ATL	31	31	18	13	34.0	17.8	6.5	14.7	44.4	1.1	3.5	31.8	3.7	4.8	76.0	1.7	6.5	8.2	3.7	2.1	1.5	0.9	2.8	10	0	2.5
44	Evan Fournier	ORL	24	31	13	18	33.4	17.8	6.3	13.9	45.5	1.8	5.0	36.5	3.4	4.0	84.6	0.5	2.5	3.0	3.5	2.0	1.0	0.1	2.8	0	0	-2.8
45	Avery Bradley	BOS	26	34	20	14	35.0	17.8	7.2	14.9	48.2	2.0	5.0	40.8	1.4	1.9	76.2	1.1	5.8	6.9	2.4	1.8	1.3	0.2	2.8	9	0	-0.5
46	Chris Paul	LAC	31	31	22	9	31.5	17.7	5.9	12.7	46.3	2.0	5.1	39.9	3.9	4.5	87.7	0.7	4.5	5.3	9.5	2.3	2.2	0.2	2.5	13	1	9.2
47	Eric Gordon	HOU	28	36	27	9	30.6	17.7	6.0	13.8	43.5	3.8	8.8	42.8	1.9	2.3	83.3	0.3	2.3	2.6	2.9	1.9	0.7	0.6	2.1	0	0	4.2
48	Derrick Rose	NYK	28	30	15	15	32.1	17.7	7.0	15.7	44.8	0.4	1.5	25.0	3.2	3.8	85.1	1.3	2.8	4.1	4.4	2.4	0.7	0.4	1.5	1	0	-0.6
49	LaMarcus Aldridge	SAS	31	32	25	7	32.3	17.5	6.9	13.8	50.2	0.4	0.8	48.0	3.3	4.0	82.7	2.2	5.1	7.3	2.1	1.5	0.7	1.0	2.3	6	0	5.4
50	Dennis Schroder	ATL	23	34	18	16	31.1	17.5	6.8	14.6	46.3	1.3	3.6	35.5	2.7	3.3	81.3	0.5	2.4	2.9	6.3	3.1	0.8	0.2	1.7	5	0	-2.3
51	Hassan Whiteside	MIA	27	34	10	24	33.9	17.3	7.3	13.3	54.6	0.0	0.0	0.0	2.8	5.1	54.0	4.0	10.4	14.3	0.7	2.0	0.8	2.2	3.2	24	0	-2.4
52	Danilo Gallinari	DEN	28	32	13	19	34.2	17.2	4.9	11.3	43.0	1.9	5.0	38.4	5.5	6.3	88.5	0.6	4.4	5.0	2.2	1.5	0.7	0.3	1.7	2	0	-0.8
53	Tobias Harris	DET	24	37	16	21	32.6	16.4	6.3	13.1	47.9	1.4	3.8	35.5	2.4	2.7	90.9	0.5	4.7	5.2	1.8	1.4	0.6	0.6	1.6	3	0	-1.3
54	Wilson Chandler	DEN	29	32	13	19	31.4	16.2	6.3	14.2	44.4	1.6	4.7	34.0	1.9	2.7	72.1	1.5	5.4	6.9	2.0	1.6	0.8	0.2	2.3	5	0	-2.4
55	Victor Oladipo	OKC	24	26	16	10	34.1	16.1	6.3	13.7	45.9	2.2	5.6	39.0	1.4	2.1	65.5	0.5	4.0	4.5	2.8	1.8	0.9	0.3	2.0	1	0	4.2
56	Wesley Matthews	DAL	30	34	11	23	35.7	15.7	5.2	13.3	39.3	3.0	7.8	38.3	2.3	2.9	79.6	0.2	2.8	3.1	2.1	1.4	1.4	0.2	2.1	0	0	-4.3
57	Serge Ibaka	ORL	27	36	16	20	30.4	15.7	6.4	12.8	49.7	1.5	3.7	39.6	1.5	1.8	81.5	1.8	5.1	6.8	1.1	1.1	0.5	1.8	2.5	3	0	-1.9
58	Reggie Jackson	DET	26	16	5	11	28.0	15.6	5.8	13.5	42.6	1.4	4.1	35.4	2.7	3.1	87.8	0.4	2.0	2.4	5.6	2.6	0.8	0.1	2.9	2	0	-3.4
59	Myles Turner	IND	20	35	18	17	29.8	15.6	5.8	10.8	53.6	0.6	1.5	40.7	3.3	4.2	80.1	1.5	5.8	7.3	1.0	1.4	0.7	2.4	3.2	5	0	1.3
60	Al Horford	BOS	30	25	16	9	32.8	15.5	6.2	13.2	46.7	1.4	4.3	32.7	1.8	2.1	84.9	1.3	5.2	6.5	4.9	1.7	0.7	2.0	2.2	3	0	3.6
61	Jeff Teague	IND	28	36	18	18	32.1	15.4	5.0	11.7	42.7	0.9	2.9	29.5	4.5	5.4	84.0	0.5	3.4	3.9	7.7	2.6	1.7	0.5	2.3	6	0	-1.1
62	Sean Kilpatrick	BKN	26	33	8	25	27.7	15.3	5.0	11.5	43.0	1.6	4.6	35.5	3.7	4.5	83.7	0.4	3.9	4.3	2.6	2.6	0.8	0.1	2.1	2	0	-4.1
63	D'Angelo Russell	LAL	20	25	10	15	26.9	15.2	5.3	13.3	40.1	2.4	6.3	38.9	2.2	2.7	79.4	0.5	2.9	3.4	4.6	2.8	1.1	0.3	2.1	0	0	-1.3
64	JJ Redick	LAC	32	34	22	12	26.9	15.1	5.2	11.3	46.4	2.5	5.7	44.1	2.1	2.4	88.8	0.1	1.7	1.9	1.0	1.4	0.7	0.1	1.5	0	0	7.0
65	Nicolas Batum	CHA	28	34	18	16	34.8	14.9	5.0	12.4	40.4	1.7	5.1	33.7	3.1	3.7	82.5	0.7	6.9	7.6	5.9	2.4	1.2	0.4	1.6	10	1	3.2
66	Nick Young	LAL	31	31	12	19	26.3	14.8	5.1	10.7	47.7	3.1	6.9	44.9	1.5	1.8	85.5	0.4	1.8	2.2	1.1	0.6	0.6	0.4	2.5	0	0	-2.6
67	Kentavious Caldwell-Pope	DET	23	36	16	20	33.8	14.6	5.3	12.5	42.2	2.1	5.5	38.7	1.9	2.3	83.3	0.9	2.6	3.5	3.1	1.2	1.3	0.2	1.8	1	0	1.1
68	J.J. Barea	DAL	32	11	3	8	29.1	14.5	5.2	12.6	41.0	1.7	4.6	37.3	2.5	2.5	96.4	0.4	2.8	3.2	5.2	1.7	0.7	0.1	0.7	0	0	-1.2
69	TJ Warren	PHX	23	23	7	16	29.4	14.5	5.9	13.3	44.3	0.6	1.9	29.5	2.1	2.7	77.8	1.9	2.1	4.0	0.9	1.0	1.4	0.4	2.5	0	0	-2.9
70	Andre Drummond	DET	23	36	15	21	30.3	14.5	6.2	11.7	53.1	0.0	0.1	50.0	2.0	4.5	45.1	4.1	9.5	13.6	1.2	2.0	1.4	1.1	2.8	24	0	-2.9
71	Jrue Holiday	NOP	26	21	12	9	31.0	14.4	5.6	13.0	42.9	1.2	3.6	33.3	2.0	3.0	67.2	0.6	3.1	3.7	7.3	2.3	1.2	0.4	2.6	4	0	0.2
72	Rodney Hood	UTA	24	31	21	10	29.1	14.2	5.2	12.5	41.6	1.9	5.6	34.7	1.8	2.4	75.7	0.3	3.3	3.6	1.9	1.2	0.6	0.2	2.3	0	0	4.7
73	Dion Waiters	MIA	25	16	5	11	31.8	14.2	5.5	14.3	38.4	1.3	3.8	34.4	1.9	2.9	65.2	0.4	3.0	3.4	3.9	2.2	0.9	0.6	2.6	0	0	-1.0
74	Bojan Bogdanovic	BKN	27	33	8	25	26.9	14.2	4.8	10.8	44.4	1.7	4.8	35.0	2.8	3.3	85.5	0.5	2.7	3.2	1.4	1.3	0.4	0.1	1.9	0	0	-5.7
75	Otto Porter	WAS	23	34	16	18	33.7	14.1	5.6	10.4	53.8	1.7	4.0	43.0	1.1	1.4	81.3	1.5	5.1	6.6	1.4	0.8	1.6	0.6	2.8	6	0	1.9
76	Ryan Anderson	HOU	28	36	27	9	30.6	14.1	4.8	11.0	43.1	2.8	6.7	41.3	1.8	2.0	89.0	1.7	3.7	5.4	0.9	0.9	0.4	0.3	2.0	1	0	7.3
77	Dwight Howard	ATL	31	30	15	15	29.4	14.0	5.6	8.7	64.2	0.0	0.0	0.0	2.9	5.4	53.4	4.8	8.4	13.2	1.3	2.4	0.9	1.4	3.2	21	0	-1.0
78	Ersan Ilyasova	PHI	29	33	12	21	27.2	14.0	5.2	11.1	46.7	2.0	5.2	39.0	1.6	2.0	81.8	1.2	5.2	6.4	1.5	1.4	0.5	0.3	2.4	7	0	-0.8
79	Jordan Clarkson	LAL	24	38	13	25	27.7	14.0	5.6	12.5	44.5	1.3	3.9	34.0	1.5	2.0	77.3	0.8	2.1	3.0	2.2	2.0	1.3	0.1	1.8	0	0	-3.6
80	Jeremy Lin	BKN	28	12	3	9	25.0	13.9	5.1	10.8	46.9	1.3	4.0	33.3	2.4	3.4	70.7	0.2	3.1	3.3	5.8	2.7	1.3	0.6	1.0	2	0	-4.3
81	Deron Williams	DAL	32	27	9	18	30.2	13.9	5.0	12.0	41.5	1.7	4.8	34.6	2.2	2.4	89.4	0.3	2.0	2.3	6.8	2.4	0.6	0.1	2.5	1	0	-2.3
82	Tyler Johnson	MIA	24	33	10	23	30.9	13.7	5.0	11.6	42.7	1.4	3.5	39.1	2.4	3.2	75.0	0.5	3.8	4.3	3.3	1.1	1.2	0.7	2.3	0	0	-2.3
83	Julius Randle	LAL	22	33	12	21	29.3	13.6	5.3	10.6	50.1	0.1	0.6	20.0	2.8	4.0	69.9	2.1	6.7	8.7	3.8	2.8	0.8	0.5	3.4	10	2	-3.4
84	Will Barton	DEN	25	23	10	13	29.5	13.6	4.9	11.0	44.4	1.3	3.5	38.3	2.5	3.4	72.2	1.0	3.7	4.7	2.7	1.7	0.8	0.4	1.9	0	0	-2.7
85	Enes Kanter	OKC	24	35	21	14	20.6	13.4	5.2	9.4	55.5	0.1	0.7	12.5	2.9	3.7	77.1	2.2	3.8	6.0	0.9	1.5	0.4	0.8	2.1	7	0	0.2
86	Jae Crowder	BOS	26	27	18	9	31.6	13.3	4.6	9.4	48.8	2.3	5.3	43.0	1.9	2.1	87.9	0.5	4.5	5.0	2.3	1.1	1.1	0.3	2.5	1	0	4.9
87	Zach Randolph	MEM	35	30	18	12	22.8	13.3	5.7	12.9	44.2	0.3	1.2	21.6	1.6	2.1	76.2	2.2	5.5	7.7	1.7	1.1	0.5	0.2	2.0	6	0	0.9
88	Nikola Vucevic	ORL	26	33	15	18	27.9	13.2	5.9	12.9	46.1	0.2	0.8	29.6	1.1	1.8	59.0	2.4	8.0	10.4	2.7	1.4	0.8	0.9	2.3	17	0	-0.7
89	Gary Harris	DEN	22	15	6	9	27.6	13.1	4.9	10.2	48.4	1.3	3.4	39.2	1.9	2.7	70.7	0.9	2.1	3.0	2.7	1.0	0.9	0.2	1.9	0	0	-0.1
90	Marcus Morris	DET	27	36	16	20	31.6	13.1	5.1	12.1	42.0	1.6	4.6	33.9	1.4	1.8	79.4	0.7	3.1	3.8	1.9	1.1	0.8	0.3	2.0	0	0	0.0
91	Nikola Jokic	DEN	21	32	13	19	24.5	12.9	5.2	8.9	57.9	0.4	1.2	33.3	2.2	2.7	80.2	2.5	5.3	7.8	3.7	1.6	0.7	0.6	3.2	10	0	1.5
92	Markieff Morris	WAS	27	33	15	18	31.1	12.8	4.8	11.2	42.9	0.6	2.1	29.0	2.6	3.3	79.6	1.3	4.6	5.8	1.6	1.8	1.1	0.6	3.2	1	0	1.2
93	Emmanuel Mudiay	DEN	20	34	14	20	29.1	12.7	4.4	11.7	37.7	1.2	3.8	31.8	2.6	3.4	78.3	0.6	3.3	3.9	3.9	2.6	0.8	0.2	2.0	0	0	-3.8
94	Brandon Knight	PHX	25	35	10	25	22.6	12.5	4.3	10.8	39.6	1.0	2.8	35.7	2.9	3.5	84.4	0.5	2.1	2.6	2.7	1.9	0.6	0.1	1.7	0	0	-7.9
95	Rudy Gobert	UTA	24	36	22	14	33.1	12.4	4.3	6.4	68.1	0.0	0.0	0.0	3.8	5.8	65.1	3.3	8.9	12.1	0.9	1.7	0.6	2.6	3.1	24	0	5.7
96	Darren Collison	SAC	29	26	12	14	29.6	12.4	4.5	10.0	45.2	1.0	2.7	36.2	2.4	2.8	83.8	0.5	1.5	2.0	4.4	1.7	0.9	0.0	1.5	0	0	-1.1
97	Trevor Ariza	HOU	31	36	27	9	33.8	12.4	4.4	10.2	43.5	2.7	7.2	37.6	0.8	1.2	68.2	0.6	4.6	5.2	2.2	0.9	2.2	0.3	1.7	1	0	6.1
98	Wayne Ellington	MIA	29	16	4	12	29.6	12.4	4.7	10.9	43.1	2.3	7.1	32.7	0.7	0.8	84.6	0.1	1.8	1.9	1.8	0.4	0.7	0.1	1.4	0	0	-2.7
99	Jamal Crawford	LAC	36	37	23	14	26.3	12.3	4.5	11.0	41.0	1.2	3.8	32.6	2.0	2.2	89.2	0.2	1.5	1.6	2.6	1.6	0.6	0.2	1.4	0	0	0.5
100	Pau Gasol	SAS	36	33	26	7	26.5	12.2	4.9	9.9	50.0	0.5	1.2	46.2	1.7	2.6	67.1	1.5	6.3	7.9	2.6	1.3	0.5	1.2	1.6	6	0	2.6
101	Maurice Harkless	POR	23	35	15	20	31.0	12.0	4.9	9.9	49.6	1.2	3.5	35.0	1.0	1.5	69.2	1.7	3.3	5.1	0.8	1.3	1.3	0.8	3.1	2	0	-1.1
102	Steven Adams	OKC	23	35	21	14	29.5	12.0	4.8	8.1	59.3	0.0	0.0	0.0	2.3	3.3	70.7	3.1	4.6	7.7	1.0	1.9	1.3	0.9	2.4	6	0	3.7
103	Taj Gibson	CHI	31	35	17	18	27.8	11.9	5.2	10.0	52.1	0.0	0.0	0.0	1.4	2.0	71.0	2.3	4.6	6.9	1.2	1.4	0.5	1.1	2.3	9	0	0.6
104	Thaddeus Young	IND	28	36	18	18	31.4	11.8	5.1	9.6	52.7	1.0	2.4	42.0	0.6	1.2	52.3	1.6	4.7	6.2	1.6	1.7	1.4	0.4	1.7	4	0	0.1
105	Clint Capela	HOU	22	28	21	7	24.5	11.8	5.4	8.4	64.0	0.0	0.0	0.0	1.0	2.3	44.6	2.4	5.6	8.0	0.9	1.3	0.4	1.6	2.7	6	0	1.8
106	Jonas Valanciunas	TOR	24	32	22	10	26.7	11.8	4.7	8.8	53.6	0.0	0.0	0.0	2.4	2.9	84.8	3.0	6.6	9.5	0.7	1.5	0.5	0.7	2.7	12	0	1.5
107	Dirk Nowitzki	DAL	38	10	2	8	22.5	11.7	4.4	11.7	37.6	1.1	3.6	30.6	1.8	1.9	94.7	0.5	5.0	5.5	1.2	1.0	0.3	0.4	1.6	0	0	-10.5
108	DeAndre Jordan	LAC	28	37	23	14	31.6	11.6	4.5	6.7	66.7	0.0	0.0	0.0	2.6	4.9	53.3	3.5	9.9	13.4	0.9	1.7	0.5	1.8	2.7	14	0	5.6
109	Josh Richardson	MIA	23	26	6	20	31.1	11.5	4.5	11.3	39.6	1.7	5.1	32.3	0.9	1.2	75.0	0.5	2.7	3.2	2.7	1.4	1.0	0.5	2.7	0	0	-2.8
110	Marcin Gortat	WAS	32	34	16	18	35.9	11.5	5.0	8.8	57.0	0.0	0.0	0.0	1.4	2.3	62.3	3.2	8.7	12.0	1.9	1.6	0.5	1.0	3.1	20	0	1.7
111	Elfrid Payton	ORL	22	36	16	20	28.7	11.4	4.7	10.4	45.3	0.6	2.3	25.9	1.4	2.2	61.3	0.7	3.0	3.7	5.9	1.9	1.1	0.6	2.0	3	0	-1.5
112	James Johnson	MIA	29	31	10	21	24.5	11.3	4.2	8.6	49.2	1.2	3.3	37.6	1.6	2.4	68.0	0.9	4.1	5.0	2.5	2.0	0.7	0.9	2.5	1	0	-1.5
113	Tim Hardaway Jr.	ATL	24	32	17	15	22.0	11.3	4.3	9.6	44.2	1.5	4.6	32.4	1.3	2.0	64.6	0.3	1.6	2.0	1.6	1.0	0.4	0.2	1.2	0	0	2.5
114	Jon Leuer	DET	27	36	16	20	27.5	11.3	4.5	8.9	50.9	0.8	2.5	30.8	1.4	1.6	89.5	1.5	4.8	6.2	1.7	0.8	0.5	0.4	1.9	2	0	2.2
115	Tony Parker	SAS	34	26	21	5	25.6	11.1	4.7	10.0	46.7	0.5	1.2	40.0	1.3	1.7	79.5	0.3	1.6	1.9	4.6	1.5	0.4	0.0	1.5	0	0	4.5
116	Mason Plumlee	POR	26	36	15	21	27.4	11.1	4.5	8.0	56.1	0.0	0.1	0.0	2.2	4.0	54.5	1.9	5.6	7.5	4.2	1.6	0.8	1.0	2.7	6	0	-0.5
117	Marco Belinelli	CHA	30	30	17	13	25.2	11.0	3.9	8.5	45.7	1.8	3.9	45.3	1.5	1.7	86.3	0.2	2.4	2.6	1.7	0.8	0.6	0.2	1.4	1	0	0.0
118	Jerryd Bayless	PHI	28	3	1	2	23.8	11.0	3.7	10.7	34.4	0.7	1.7	40.0	3.0	3.3	90.0	1.0	3.0	4.0	4.3	3.0	0.0	0.0	1.3	0	0	-7.0
119	Aaron Gordon	ORL	21	36	16	20	26.2	11.0	4.3	9.9	43.1	1.1	3.3	31.9	1.4	2.1	63.6	1.2	3.2	4.4	1.7	1.1	0.8	0.5	2.0	1	0	-1.8
120	Terrence Ross	TOR	25	33	22	11	20.9	10.9	4.1	8.8	47.1	1.8	4.2	41.4	0.9	1.1	88.6	0.3	2.1	2.4	0.6	0.5	1.1	0.3	1.5	0	0	5.2
121	Draymond Green	GSW	26	33	28	5	32.9	10.9	4.0	8.9	45.1	1.2	3.5	33.0	1.8	2.7	67.0	1.7	7.0	8.6	7.5	2.3	2.1	1.2	3.0	12	2	10.7
122	Justise Winslow	MIA	20	18	4	14	34.7	10.9	4.4	12.6	35.4	0.4	1.9	20.0	1.6	2.6	61.7	1.3	3.9	5.2	3.7	1.8	1.4	0.3	2.9	1	0	-0.3
123	CJ Miles	IND	29	30	15	15	22.2	10.8	3.7	8.5	43.4	2.0	4.9	40.4	1.5	1.6	91.7	0.3	2.7	3.0	0.7	0.5	0.7	0.5	1.9	0	0	1.8
124	Cody Zeller	CHA	24	31	19	12	26.1	10.7	4.2	7.1	59.5	0.0	0.0	0.0	2.3	3.5	65.1	2.1	4.1	6.2	1.5	1.1	0.7	1.1	3.2	2	0	5.2
125	Jahlil Okafor	PHI	21	28	7	21	22.4	10.7	4.6	8.9	51.2	0.0	0.0	0.0	1.5	2.6	59.7	1.6	3.3	4.8	1.1	1.4	0.4	1.1	2.5	1	0	-6.6
126	Patty Mills	SAS	28	35	28	7	22.5	10.5	3.7	7.7	48.0	1.9	4.4	43.5	1.2	1.3	93.2	0.3	1.5	1.9	3.5	1.4	0.9	0.0	1.5	0	0	5.9
127	Terrence Jones	NOP	24	34	13	21	24.1	10.4	4.1	8.8	46.0	0.3	1.5	21.2	2.0	3.2	61.5	1.1	4.6	5.7	1.1	1.0	0.7	1.0	1.2	3	0	-0.2
128	Gorgui Dieng	MIN	26	35	11	24	32.8	10.4	4.4	8.4	52.6	0.1	0.4	28.6	1.5	1.9	76.5	2.4	5.4	7.9	2.1	1.7	1.0	1.3	3.5	5	0	-0.5
129	Troy Daniels	MEM	25	26	13	13	20.2	10.4	3.5	8.8	40.0	2.3	5.7	40.3	1.0	1.2	81.3	0.3	1.2	1.5	0.8	0.5	0.4	0.1	1.5	0	0	1.3
130	Seth Curry	DAL	26	31	10	21	26.6	10.3	3.9	8.9	44.4	1.6	4.2	39.5	0.8	1.0	77.4	0.4	1.8	2.2	3.0	1.1	1.2	0.1	1.7	0	0	-1.6
131	Tim Frazier	NOP	26	32	11	21	28.9	10.3	3.7	8.5	43.2	0.9	2.4	38.2	2.0	2.5	81.3	0.6	2.8	3.4	6.9	2.3	1.1	0.2	2.5	7	1	-1.4
132	Marvin Williams	CHA	30	29	15	14	27.2	10.2	3.7	9.6	38.8	1.7	4.9	35.5	1.1	1.3	81.6	1.0	4.2	5.1	1.3	0.7	0.6	0.4	1.4	2	0	1.8
133	Courtney Lee	NYK	31	29	14	15	30.8	10.1	3.9	8.6	45.8	1.5	3.2	45.7	0.8	0.9	85.2	0.6	2.3	2.9	1.8	0.8	0.9	0.3	2.1	0	0	-1.9
134	Robert Covington	PHI	26	30	9	21	29.8	10.1	3.4	9.8	34.9	1.7	6.0	27.8	1.6	2.0	78.7	1.4	4.3	5.7	1.4	1.9	1.7	0.8	3.0	3	0	-5.5
135	Frank Kaminsky	CHA	23	33	17	16	24.7	10.1	3.8	9.9	37.9	1.1	4.1	27.6	1.5	2.0	73.1	0.9	3.7	4.6	2.2	1.1	0.6	0.4	1.4	0	0	0.2
136	Tony Allen	MEM	34	30	17	13	27.6	10.1	4.2	8.6	49.0	0.2	0.6	33.3	1.5	2.2	66.7	2.4	2.9	5.3	1.0	1.4	1.8	0.5	2.6	2	0	-0.6
137	Kent Bazemore	ATL	27	32	16	16	27.4	10.0	3.8	10.3	36.4	1.0	3.5	27.7	1.6	2.3	67.6	0.6	2.6	3.2	2.6	1.7	1.4	0.7	2.4	0	0	-4.1
138	Austin Rivers	LAC	24	36	22	14	25.0	10.0	3.6	8.6	42.3	1.3	3.4	39.0	1.4	2.0	70.4	0.3	1.5	1.8	2.3	1.1	0.8	0.1	2.3	0	0	-2.0
139	Greg Monroe	MIL	26	32	17	15	20.1	10.0	4.0	7.7	52.4	0.0	0.0	0.0	1.9	2.5	76.5	1.7	5.0	6.7	2.3	1.4	1.2	0.5	1.6	7	0	4.1
140	E'Twaun Moore	NOP	27	32	13	19	24.8	10.0	4.1	9.0	45.5	1.1	2.9	39.1	0.7	0.9	72.4	0.4	1.8	2.2	2.6	1.1	0.7	0.4	1.9	0	0	-1.3
141	Trevor Booker	BKN	29	31	8	23	27.7	9.9	4.1	8.0	51.0	0.4	1.2	30.6	1.4	2.0	68.9	2.3	6.9	9.2	2.4	1.9	1.6	0.5	2.1	11	0	-5.6
142	Marreese Speights	LAC	29	37	23	14	16.5	9.9	3.3	7.3	45.0	1.3	3.3	38.2	2.1	2.4	86.5	1.2	3.7	4.9	0.7	0.7	0.3	0.5	2.9	2	0	0.5
143	Allen Crabbe	POR	24	36	15	21	28.9	9.9	3.5	7.8	44.5	1.5	3.6	41.9	1.4	1.7	83.6	0.3	2.8	3.1	1.2	0.9	0.6	0.2	2.1	0	0	-3.2
144	Doug McDermott	CHI	25	22	11	11	26.1	9.8	3.8	8.3	46.2	1.0	3.0	34.8	1.1	1.3	86.2	0.4	2.5	2.8	1.3	0.7	0.3	0.0	1.4	0	0	2.4
145	Kyle Korver	ATL	35	31	15	16	28.3	9.8	3.5	7.7	44.6	2.1	5.1	41.4	0.8	0.9	88.9	0.0	2.8	2.8	2.2	1.3	0.7	0.4	1.5	0	0	-3.5
146	Channing Frye	CLE	33	26	20	6	18.4	9.7	3.3	7.3	46.0	2.2	4.7	46.3	0.8	0.9	87.5	0.3	2.7	3.0	0.7	0.8	0.3	0.5	2.0	0	0	1.1
147	Lance Stephenson	NOP	26	6	0	6	27.1	9.7	4.3	9.2	47.3	0.2	1.7	10.0	0.8	1.3	62.5	0.5	2.5	3.0	4.8	1.8	0.3	0.2	3.0	0	0	-1.7
148	Langston Galloway	NOP	25	35	13	22	21.5	9.6	3.5	9.0	39.0	1.9	5.1	38.0	0.7	0.9	74.2	0.4	1.9	2.3	1.4	0.7	0.9	0.1	1.4	0	0	-2.3
149	Marcus Smart	BOS	22	32	19	13	29.8	9.5	3.3	9.0	36.3	1.2	4.0	28.7	1.8	2.4	73.1	0.9	2.9	3.8	4.3	1.9	1.3	0.3	2.3	1	0	2.2
150	Nikola Mirotic	CHI	25	33	17	16	23.2	9.4	3.2	8.4	38.4	1.5	5.1	30.5	1.5	1.9	76.2	0.8	4.8	5.6	0.8	1.1	0.7	0.9	1.5	4	0	1.1
151	Dario Saric	PHI	22	33	9	24	24.1	9.4	3.5	8.9	38.6	1.2	3.5	34.2	1.3	1.7	78.2	1.2	4.7	5.9	1.7	1.8	0.5	0.2	1.9	4	0	-3.4
152	Gerald Henderson	PHI	29	29	7	22	24.6	9.4	3.6	8.0	45.5	0.9	2.2	38.5	1.3	1.6	82.2	0.4	2.1	2.6	1.6	0.9	0.7	0.2	1.9	0	0	-4.3
153	DeMarre Carroll	TOR	30	29	20	9	25.0	9.4	3.3	7.7	42.6	1.6	4.5	36.2	1.2	1.7	72.9	0.9	2.6	3.4	0.9	0.7	1.1	0.4	2.0	0	0	1.1
154	Sergio Rodriguez	PHI	30	30	6	24	26.8	9.3	3.7	9.2	40.2	1.6	4.4	37.4	0.3	0.4	81.8	0.4	2.5	3.0	6.2	2.5	1.0	0.1	1.5	1	0	-4.2
155	Jusuf Nurkic	DEN	22	31	12	19	19.7	9.3	4.0	7.5	53.7	0.0	0.0	0.0	1.3	2.5	53.9	2.3	4.4	6.7	1.5	2.2	0.6	0.9	2.2	4	0	-3.0
156	Jodie Meeks	ORL	29	16	9	7	20.7	9.3	2.9	7.1	41.6	1.7	3.9	42.9	1.8	1.9	90.3	0.1	1.9	2.1	1.3	0.6	1.1	0.1	0.9	0	0	0.0
157	Jeremy Lamb	CHA	24	24	13	11	17.4	9.3	3.5	7.5	45.9	0.5	2.3	24.1	1.8	2.2	83.0	0.6	4.3	5.0	1.0	0.7	0.3	0.4	1.3	1	0	1.5
158	Nik Stauskas	PHI	23	31	8	23	26.3	9.3	3.1	7.1	43.2	1.6	4.1	38.3	1.6	2.0	79.0	0.2	2.3	2.5	2.0	1.6	0.5	0.4	1.7	0	0	-2.8
159	Jeff Green	ORL	30	35	16	19	24.0	9.3	3.2	8.3	38.6	0.9	3.1	29.1	2.0	2.3	85.2	0.5	2.4	2.9	1.3	1.2	0.5	0.2	1.3	1	0	-2.5
160	Robin Lopez	CHI	28	35	17	18	28.2	9.3	4.2	8.7	48.4	0.0	0.0	0.0	0.8	1.3	65.9	3.5	3.8	7.3	0.8	1.1	0.2	1.7	1.8	5	0	1.1
161	Evan Turner	POR	28	33	15	18	25.4	9.3	3.6	8.5	42.7	0.5	1.7	29.8	1.5	1.8	84.5	0.5	3.5	4.0	3.0	1.5	0.9	0.4	1.8	2	0	-6.6
162	Monta Ellis	IND	31	28	15	13	29.3	9.3	3.5	7.8	44.7	0.5	1.9	28.8	1.7	2.0	84.2	0.1	3.0	3.1	3.5	2.1	1.1	0.5	2.2	0	0	-0.7
163	JaMychal Green	MEM	26	37	22	15	29.6	9.2	3.3	7.1	46.0	0.7	1.9	36.1	1.9	2.4	79.8	2.2	5.4	7.6	1.3	1.2	0.8	0.6	3.6	5	0	0.3
164	Patrick Beverley	HOU	28	22	18	4	30.7	9.1	3.4	7.9	43.4	1.6	4.1	40.0	0.7	0.9	78.9	1.9	4.4	6.3	4.4	1.4	1.5	0.5	3.3	3	0	8.6
165	Kenneth Faried	DEN	27	32	14	18	21.8	9.1	3.4	6.4	52.7	0.0	0.1	0.0	2.4	3.4	69.7	3.2	4.8	7.9	0.8	1.1	0.8	0.9	2.2	6	0	-3.0
166	Joe Harris	BKN	25	31	8	23	23.4	9.1	3.3	7.4	43.9	1.7	4.5	37.7	0.9	1.2	75.7	0.2	2.9	3.1	1.2	1.2	0.7	0.1	2.6	0	0	-4.4
167	Rodney Stuckey	IND	30	17	8	9	20.3	9.1	3.1	6.9	44.1	0.5	1.5	30.8	2.5	3.4	73.7	0.2	2.5	2.7	2.1	1.6	0.4	0.0	1.5	0	0	-2.6
168	Michael Kidd-Gilchrist	CHA	23	34	19	15	29.1	9.0	3.4	7.7	44.3	0.0	0.2	16.7	2.1	2.8	75.0	2.0	4.9	6.8	1.2	0.8	0.8	1.0	2.0	6	0	1.3
169	Buddy Hield	NOP	23	36	14	22	19.7	8.9	3.4	8.5	39.7	1.5	4.2	36.4	0.6	0.7	92.0	0.3	2.3	2.6	1.2	0.9	0.3	0.1	1.2	0	0	-3.5
170	Montrezl Harrell	HOU	22	27	22	5	17.7	8.9	3.9	6.0	64.4	0.0	0.1	50.0	1.1	1.7	64.4	1.4	2.3	3.7	1.0	0.9	0.3	0.7	1.9	2	0	5.0
171	Cory Joseph	TOR	25	33	22	11	22.1	8.8	3.4	7.8	43.4	0.5	1.4	37.8	1.5	1.8	78.7	0.6	2.2	2.8	2.8	1.1	0.7	0.1	1.5	0	0	0.8
172	Joe Johnson	UTA	35	36	22	14	23.0	8.7	3.4	7.6	44.3	1.3	3.1	40.5	0.8	0.9	81.8	0.3	2.6	2.9	1.7	0.9	0.4	0.2	1.2	0	0	1.0
173	JR Smith	CLE	31	21	16	5	28.9	8.6	3.0	8.8	33.7	2.4	6.6	36.2	0.3	0.4	77.8	0.4	1.8	2.1	1.2	0.7	1.2	0.4	2.2	0	0	5.2
174	Shelvin Mack	UTA	26	36	22	14	23.9	8.6	3.4	7.7	44.8	0.8	2.5	32.2	0.9	1.4	65.3	0.4	1.8	2.2	3.1	2.0	0.9	0.0	1.8	0	0	1.4
175	D.J. Augustin	ORL	29	36	16	20	20.0	8.6	2.9	7.2	40.3	1.5	3.9	37.6	1.3	1.6	84.2	0.1	1.2	1.3	3.2	1.2	0.5	0.0	1.5	0	0	-3.3
176	Derrick Favors	UTA	25	21	14	7	21.5	8.6	3.3	7.6	44.0	0.0	0.1	50.0	1.9	2.9	65.0	1.5	4.4	6.0	0.9	1.1	0.7	1.0	2.3	2	0	0.9
177	Jameer Nelson	DEN	34	35	14	21	24.8	8.5	3.4	7.9	43.3	1.2	3.3	36.8	0.5	0.7	72.0	0.4	1.8	2.2	4.2	1.9	0.6	0.1	2.8	1	0	0.0
178	Ish Smith	DET	28	37	16	21	25.5	8.5	3.6	8.8	41.0	0.4	1.4	26.0	0.9	1.3	68.8	0.3	2.4	2.8	5.4	1.5	0.8	0.3	1.7	1	0	-0.2
179	Trey Lyles	UTA	21	36	22	14	20.7	8.4	3.1	7.9	39.6	1.2	3.6	32.1	0.9	1.2	79.1	0.9	3.1	4.1	1.3	1.2	0.5	0.4	1.4	1	0	0.0
180	Malcolm Brogdon	MIL	24	33	17	16	23.2	8.4	3.2	7.1	45.1	0.9	2.2	43.1	1.1	1.2	87.5	0.4	2.1	2.5	3.7	1.5	1.0	0.1	1.8	1	1	2.3
181	Tony Snell	MIL	25	32	17	15	29.2	8.3	3.1	7.3	42.1	1.7	4.9	33.8	0.5	0.7	76.2	0.4	3.4	3.8	1.3	0.7	0.4	0.2	1.7	1	0	-0.3
182	Brandon Jennings	NYK	27	34	16	18	24.2	8.3	2.8	7.4	38.2	1.0	3.3	30.6	1.7	2.1	78.1	0.4	2.4	2.8	5.3	2.0	0.9	0.1	1.4	1	0	-2.6
183	Alex Len	PHX	23	34	10	24	22.1	8.3	3.0	6.1	49.8	0.0	0.1	0.0	2.2	3.1	72.1	2.1	5.1	7.2	0.7	1.4	0.5	1.5	3.5	6	0	-5.5
184	Vince Carter	MEM	39	30	16	14	23.5	8.2	2.8	7.2	39.2	1.5	4.4	33.1	1.1	1.5	71.7	0.5	2.9	3.4	1.7	0.7	0.8	0.4	2.1	0	0	3.3
185	Jamal Murray	DEN	19	35	14	21	20.4	8.1	2.9	7.8	37.2	1.3	4.1	33.1	1.0	1.2	81.0	0.6	2.1	2.7	1.8	1.3	0.5	0.3	1.6	0	0	1.7
186	Timofey Mozgov	LAL	30	37	12	25	21.8	8.1	3.4	6.6	51.2	0.0	0.0	0.0	1.3	1.6	80.3	2.1	2.8	4.9	0.8	1.2	0.3	0.5	2.5	1	0	-4.9
187	Michael Beasley	MIL	27	27	13	14	16.0	8.1	3.4	6.7	50.5	0.3	0.6	41.2	1.0	1.5	70.0	0.7	2.9	3.7	1.0	1.1	0.5	0.3	1.7	1	0	0.8
188	James Ennis III	MEM	26	23	13	10	25.5	8.1	2.7	5.8	45.9	1.0	2.5	41.4	1.7	2.1	81.6	1.2	3.0	4.2	1.2	0.8	0.7	0.2	2.8	1	0	2.7
189	Al Jefferson	IND	32	36	18	18	15.3	8.0	3.5	7.4	47.6	0.0	0.0	0.0	1.0	1.4	71.4	1.3	3.2	4.5	0.9	0.5	0.2	0.3	1.9	1	0	-0.8
190	Rondae Hollis-Jefferson	BKN	22	30	7	23	22.4	8.0	2.6	6.7	39.0	0.3	1.1	25.0	2.5	3.4	73.8	0.8	3.8	4.6	2.0	1.3	1.0	0.6	2.4	1	0	-5.1
191	Jared Dudley	PHX	31	30	9	21	22.7	8.0	2.9	5.8	49.1	1.5	3.3	44.0	0.8	1.2	62.2	0.5	3.0	3.5	1.7	1.3	0.7	0.2	2.6	0	0	-1.5
192	Manu Ginobili	SAS	39	29	23	6	19.3	8.0	2.5	6.6	38.4	1.3	3.3	40.6	1.6	1.8	86.8	0.4	2.2	2.7	2.6	1.5	1.3	0.3	1.6	0	0	4.2
193	Luol Deng	LAL	31	38	13	25	27.4	7.9	3.1	7.9	38.7	0.9	2.9	32.1	0.9	1.3	68.8	1.2	4.5	5.7	1.7	0.8	1.0	0.3	1.1	4	0	-4.0
194	Danny Green	SAS	29	27	22	5	26.0	7.9	2.7	5.9	46.8	2.1	4.5	46.3	0.3	0.4	75.0	0.3	2.6	2.9	1.9	1.0	0.9	0.6	1.8	0	0	5.4
195	Ty Lawson	SAC	29	33	14	19	24.8	7.9	2.8	7.0	40.9	0.6	1.9	30.2	1.6	2.1	77.9	0.8	2.0	2.8	4.2	1.6	1.2	0.1	1.5	0	0	-1.8
196	Thabo Sefolosha	ATL	32	31	17	14	25.8	7.9	3.1	6.7	46.9	0.6	1.9	31.7	1.0	1.3	75.6	0.9	3.8	4.7	1.6	1.1	1.9	0.5	1.5	0	0	-0.8
197	Matthew Dellavedova	MIL	26	30	15	15	28.0	7.8	2.9	7.7	37.9	1.1	3.2	33.3	0.9	1.1	81.8	0.4	2.0	2.4	5.6	1.8	0.8	0.0	2.1	0	0	0.1
198	Dwight Powell	DAL	25	35	11	24	21.0	7.8	3.1	5.7	54.0	0.1	0.4	23.1	1.6	2.1	76.0	1.5	3.5	5.0	0.9	0.5	1.2	0.6	2.0	1	0	-3.1
199	Mike Muscala	ATL	25	34	18	16	21.0	7.8	3.1	5.9	52.2	0.8	1.8	42.6	0.9	1.2	75.0	1.3	2.5	3.8	1.6	1.0	0.5	0.6	1.7	0	0	-2.1
200	Mirza Teletovic	MIL	31	28	14	14	17.9	7.8	2.7	6.7	39.9	1.9	5.1	37.3	0.6	0.8	76.2	0.2	2.7	2.9	0.8	0.8	0.1	0.3	1.8	0	0	1.1
201	Tyson Chandler	PHX	34	28	8	20	27.3	7.7	3.1	4.5	68.8	0.0	0.0	0.0	1.5	2.3	66.2	3.1	8.3	11.4	0.5	1.6	0.6	0.4	3.0	6	0	-2.5
202	Arron Afflalo	SAC	31	27	12	15	24.1	7.7	2.8	6.6	42.7	0.7	2.1	33.3	1.3	1.5	90.0	0.2	2.0	2.2	1.1	0.4	0.3	0.0	1.6	0	0	-2.8
203	Shabazz Muhammad	MIN	24	32	9	23	17.7	7.7	2.7	6.2	43.4	0.5	1.4	37.0	1.8	2.3	77.8	1.0	1.7	2.7	0.4	0.8	0.3	0.1	1.1	0	0	-0.4
204	Kelly Olynyk	BOS	25	29	18	11	20.3	7.6	2.8	6.2	44.4	1.0	2.9	32.9	1.1	1.5	75.0	0.6	3.4	4.0	1.8	1.2	0.9	0.4	2.4	0	0	0.3
205	Justin Anderson	DAL	23	33	9	24	17.3	7.5	2.5	6.5	39.1	0.8	2.7	30.3	1.6	2.0	77.6	1.0	2.6	3.6	0.7	0.9	0.6	0.5	1.6	0	0	-3.6
206	Matt Barnes	SAC	36	32	14	18	25.2	7.4	2.6	6.8	37.9	1.3	3.9	32.8	1.0	1.4	68.9	0.9	3.7	4.6	2.6	1.6	0.7	0.3	2.4	1	0	-3.2
207	Ian Clark	GSW	25	32	27	5	14.3	7.3	2.9	5.4	52.9	0.9	2.2	42.9	0.7	0.9	75.0	0.3	1.2	1.5	1.2	0.5	0.5	0.1	0.9	0	0	0.9
208	Brandon Ingram	LAL	19	38	13	25	27.3	7.3	2.6	7.5	34.7	0.5	2.1	24.1	1.6	2.4	68.1	0.7	3.4	4.1	1.9	1.3	0.4	0.4	2.0	0	0	-3.4
209	Patrick Patterson	TOR	27	31	21	10	28.4	7.3	2.5	6.8	36.5	1.6	4.5	36.2	0.7	1.0	71.0	1.2	4.4	5.6	1.5	0.7	0.9	0.4	2.2	1	0	8.6
210	Andrew Harrison	MEM	22	36	21	15	26.6	7.3	1.9	6.6	29.7	0.6	2.8	23.0	2.8	3.6	76.7	0.4	1.9	2.4	3.6	1.6	1.0	0.5	3.4	0	0	-0.1
211	John Henson	MIL	26	31	16	15	20.5	7.3	2.9	5.7	50.6	0.0	0.0	0.0	1.5	2.2	68.1	1.5	3.8	5.4	1.1	1.0	0.5	1.5	2.6	0	0	-0.8
212	Tyreke Evans	NOP	27	8	5	3	15.0	7.3	2.5	7.3	34.5	0.9	2.8	31.8	1.4	1.4	100	0.3	3.3	3.5	3.5	1.1	0.3	0.0	1.3	0	0	-4.8
213	Rajon Rondo	CHI	30	29	14	15	30.2	7.2	3.1	8.4	36.9	0.6	1.8	32.7	0.4	0.8	54.2	1.1	5.4	6.5	7.1	2.8	1.3	0.2	2.3	5	1	0.8
214	Garrett Temple	SAC	30	34	15	19	24.4	7.2	2.5	5.9	43.0	1.2	3.2	38.9	0.9	1.0	85.7	0.6	2.2	2.8	2.2	1.0	1.1	0.5	1.8	0	0	0.7
215	Justin Holiday	NYK	27	34	16	18	19.8	7.2	2.6	6.1	42.3	1.1	2.9	37.0	0.9	1.1	86.1	0.4	2.7	3.1	1.2	0.9	0.9	0.4	1.7	0	0	-1.1
216	Marquese Chriss	PHX	19	36	11	25	17.3	7.2	2.8	6.4	43.2	0.7	2.2	30.8	1.0	1.6	61.0	1.1	2.2	3.3	0.5	1.2	0.5	0.5	2.9	1	0	-3.6
217	Nene	HOU	34	31	22	9	16.7	7.2	2.8	4.9	57.0	0.1	0.2	40.0	1.5	2.7	57.1	1.4	2.4	3.8	0.8	1.3	0.6	0.5	2.2	0	0	3.4
218	Tristan Thompson	CLE	25	33	26	7	28.8	7.1	2.8	4.8	58.8	0.0	0.1	0.0	1.4	2.7	51.7	3.6	6.3	9.9	0.7	0.7	0.5	1.2	2.2	8	0	4.9
219	Ricky Rubio	MIN	26	30	9	21	31.3	7.0	2.1	5.8	36.0	0.7	2.5	27.6	2.1	2.5	86.5	1.2	2.7	4.0	7.1	2.0	1.8	0.1	2.5	2	0	-2.0
220	Iman Shumpert	CLE	26	32	25	7	23.9	7.0	2.4	5.8	41.3	1.2	3.1	38.0	1.1	1.3	81.0	0.7	2.2	2.9	1.8	1.4	0.9	0.3	2.1	0	0	0.4
221	Larry Nance Jr.	LAL	24	28	11	17	22.4	7.0	3.1	5.3	58.4	0.1	0.4	16.7	0.7	1.0	70.4	1.5	4.0	5.5	1.3	0.8	1.2	0.6	2.4	2	0	-0.4
222	Isaiah Whitehead	BKN	21	26	6	20	22.9	6.9	2.7	6.6	40.9	0.5	1.9	28.6	1.0	1.3	76.5	0.3	2.1	2.3	2.9	2.3	0.7	0.5	2.6	0	0	-2.3
223	Richaun Holmes	PHI	23	21	5	16	16.0	6.9	2.9	5.6	51.3	0.3	1.0	35.0	0.9	1.4	62.1	1.5	2.9	4.3	0.9	0.9	0.6	0.9	2.1	0	0	-3.6
224	Derrick Williams	MIA	25	20	3	17	16.3	6.8	2.5	6.1	41.0	0.4	2.0	20.5	1.4	2.2	61.4	0.8	2.3	3.1	0.5	0.5	0.4	0.2	1.1	0	0	-0.9
225	David Lee	SAS	33	35	28	7	17.3	6.7	2.9	4.9	59.1	0.0	0.0	0.0	1.0	1.3	73.9	1.5	3.4	5.0	1.5	0.9	0.4	0.3	1.5	1	0	3.4
226	Raymond Felton	LAC	32	35	22	13	20.3	6.7	2.7	6.3	43.0	0.7	1.9	37.9	0.6	0.7	80.0	0.4	1.9	2.3	2.0	1.1	0.8	0.3	1.6	0	0	-1.9
227	Sam Dekker	HOU	22	36	27	9	18.9	6.7	2.7	5.7	47.8	0.8	2.4	31.8	0.5	0.8	58.6	1.4	2.8	4.2	1.1	0.7	0.6	0.3	1.0	0	0	1.5
228	Marcus Thornton	WAS	29	33	15	18	17.4	6.6	2.5	6.4	40.0	0.8	2.4	35.0	0.7	0.8	85.2	0.7	1.6	2.3	1.2	0.8	0.6	0.1	1.5	0	0	-4.5
229	Joe Ingles	UTA	29	36	22	14	20.0	6.6	2.3	4.8	47.7	1.4	2.9	47.6	0.7	0.8	80.0	0.2	2.3	2.5	2.0	0.9	0.9	0.1	1.9	0	0	0.2
230	Andre Roberson	OKC	25	35	21	14	30.7	6.6	2.7	6.2	43.1	0.8	2.8	27.8	0.5	1.4	33.3	0.9	3.6	4.5	1.1	0.7	1.2	1.0	2.5	0	0	2.5
231	Jerami Grant	OKC	22	34	18	16	21.3	6.6	2.3	4.8	47.9	0.6	1.4	39.6	1.4	2.4	57.8	0.3	2.1	2.4	0.5	0.6	0.5	1.1	2.0	0	0	-2.1
232	Beno Udrih	DET	34	24	12	12	16.0	6.5	2.6	5.6	46.7	0.4	1.0	39.1	0.9	1.0	91.7	0.2	1.3	1.5	3.3	0.8	0.3	0.0	0.8	0	0	2.3
233	Cheick Diallo	NOP	20	6	2	4	13.1	6.5	2.7	4.8	55.2	0.0	0.0	0.0	1.2	1.7	70.0	1.5	2.8	4.3	0.3	0.3	0.3	0.3	1.0	1	0	-0.8
234	Nerlens Noel	PHI	22	8	3	5	11.5	6.5	2.8	4.5	61.1	0.0	0.0	0.0	1.0	1.6	61.5	1.1	1.3	2.4	0.1	0.1	0.8	0.5	1.1	0	0	-1.3
235	Amir Johnson	BOS	29	35	21	14	20.3	6.5	2.6	4.8	53.8	0.3	0.7	38.5	1.0	1.4	70.0	1.7	2.7	4.4	1.9	0.8	0.6	0.5	2.6	0	0	1.0
236	Spencer Hawes	CHA	28	25	13	12	16.1	6.5	2.8	5.8	47.9	0.3	1.4	23.5	0.6	0.8	80.0	0.9	2.9	3.8	1.6	1.2	0.4	0.7	1.4	2	0	-2.8
237	Luc Mbah a Moute	LAC	30	35	21	14	23.3	6.5	2.4	4.9	48.5	0.7	1.8	40.3	1.0	1.5	68.6	0.8	1.7	2.5	0.4	0.7	1.1	0.5	1.5	0	0	4.9
238	Dante Exum	UTA	21	28	17	11	20.8	6.4	2.4	5.9	40.9	0.8	2.5	30.0	0.9	1.1	83.3	0.5	1.6	2.1	1.7	1.1	0.2	0.3	2.5	0	0	-2.9
239	Ramon Sessions	CHA	30	35	19	16	16.6	6.4	2.1	5.3	38.9	0.4	1.3	29.5	1.9	2.5	74.2	0.3	1.2	1.5	2.9	0.9	0.5	0.1	0.9	0	0	-0.8
240	PJ Tucker	PHX	31	36	11	25	27.1	6.3	2.3	5.6	39.9	0.8	2.3	33.3	1.1	1.4	76.0	1.5	3.9	5.4	1.1	0.9	1.3	0.3	2.3	0	0	-3.7
241	Jonathan Gibson	DAL	29	17	4	13	13.6	6.2	2.1	5.6	36.8	0.9	2.6	33.3	1.2	1.7	72.4	0.1	1.2	1.3	1.5	1.2	0.5	0.0	1.2	0	0	-4.9
242	Bismack Biyombo	ORL	24	35	16	19	26.0	6.2	2.3	4.5	51.0	0.0	0.0	0.0	1.7	3.5	47.9	2.2	5.7	7.9	1.2	1.3	0.3	1.5	2.5	4	0	-2.7
243	Domantas Sabonis	OKC	20	35	21	14	21.3	6.2	2.6	5.9	43.7	0.9	2.4	39.3	0.1	0.2	57.1	0.5	3.0	3.5	1.3	1.1	0.6	0.5	2.5	1	0	0.3
244	Omri Casspi	SAC	28	20	8	12	18.6	6.2	2.6	5.7	45.1	0.6	1.5	37.9	0.5	0.9	58.8	0.9	3.1	4.0	1.3	0.9	0.5	0.1	1.1	0	0	-0.2
245	Justin Hamilton	BKN	26	28	7	21	20.6	6.1	2.3	5.6	41.4	1.0	3.2	31.1	0.5	0.7	70.0	1.1	3.4	4.5	0.9	0.9	0.6	0.5	1.5	1	0	-4.7
246	Leandro Barbosa	PHX	34	35	11	24	13.4	6.1	2.6	5.5	47.7	0.6	1.3	44.7	0.3	0.3	83.3	0.3	1.2	1.5	1.2	0.4	0.5	0.1	1.0	0	0	-0.9
247	Norman Powell	TOR	23	30	21	9	14.5	6.1	2.1	4.4	47.7	0.7	1.7	39.2	1.3	1.7	74.5	0.1	1.6	1.7	0.9	0.5	0.8	0.2	1.5	0	0	3.3
248	Kyle O'Quinn	NYK	26	32	15	17	15.1	6.1	2.7	4.9	55.1	0.0	0.2	0.0	0.7	1.0	67.7	2.1	3.5	5.6	1.1	1.0	0.3	1.2	2.3	3	0	-1.1
249	Kosta Koufos	SAC	27	34	15	19	20.0	6.1	2.9	4.9	57.7	0.0	0.0	0.0	0.4	0.8	46.4	2.0	3.9	5.9	0.5	0.9	0.5	0.6	2.3	1	0	-0.8
250	Nemanja Bjelica	MIN	28	33	11	22	16.6	6.1	2.2	5.4	40.4	1.0	3.1	33.0	0.7	0.8	78.6	0.5	2.6	3.2	1.1	0.9	0.6	0.2	2.1	0	0	0.1
251	Ben McLemore	SAC	23	28	14	14	16.8	6.0	2.3	5.6	41.1	0.6	2.1	30.0	0.8	1.0	75.0	0.2	1.2	1.4	0.6	0.8	0.5	0.1	1.3	0	0	-1.9
252	Glenn Robinson	IND	22	34	17	17	22.5	6.0	2.2	5.4	40.8	0.7	1.9	35.9	0.9	1.2	78.0	0.8	2.9	3.8	0.8	0.6	0.5	0.4	1.0	3	0	-1.2
253	Jonathon Simmons	SAS	27	35	28	7	18.7	6.0	2.2	5.2	42.3	0.4	1.3	29.5	1.2	1.7	74.1	0.3	1.9	2.2	1.8	1.1	0.6	0.4	1.9	0	0	4.0
254	Jordan Farmar	SAC	30	2	1	1	17.7	6.0	2.0	6.0	33.3	2.0	4.5	44.4	0.0	0.0	0.0	0.5	1.0	1.5	4.5	1.5	1.0	0.0	0.5	0	0	-0.5
255	Chinanu Onuaku	HOU	20	1	1	0	8.4	6.0	2.0	2.0	100	0.0	0.0	0.0	2.0	2.0	100	1.0	2.0	3.0	1.0	0.0	1.0	0.0	1.0	0	0	-13.0
256	Isaiah Canaan	CHI	25	26	13	13	19.2	6.0	2.2	5.7	37.6	0.8	3.2	25.6	0.8	1.0	88.0	0.2	1.4	1.6	1.1	0.7	0.7	0.0	1.3	0	0	-2.5
257	Rodney McGruder	MIA	25	32	9	23	26.1	5.9	2.2	5.6	39.3	0.9	2.7	32.9	0.7	0.9	73.3	1.5	2.0	3.5	1.4	0.7	0.7	0.3	2.0	0	0	-1.1
258	Al-Farouq Aminu	POR	26	18	8	10	26.4	5.9	2.1	6.9	29.8	0.9	3.6	25.0	0.9	1.6	57.1	0.8	5.3	6.1	2.0	1.3	1.2	0.5	1.6	1	0	-0.1
259	Dante Cunningham	NOP	29	23	11	12	24.9	5.9	2.3	5.6	40.3	1.1	2.7	41.3	0.2	0.4	55.6	0.7	3.5	4.2	0.7	0.6	0.6	0.7	1.7	0	0	0.1
260	Solomon Hill	NOP	25	34	14	20	27.7	5.9	1.8	4.9	36.9	0.9	2.7	34.1	1.3	1.5	84.6	0.4	3.2	3.6	1.7	0.9	0.9	0.4	2.5	0	0	-1.6
261	Toney Douglas	MEM	30	6	5	1	17.8	5.8	2.3	6.0	38.9	0.5	1.8	27.3	0.7	0.8	80.0	0.3	2.3	2.7	2.7	0.8	1.0	0.2	1.5	0	0	2.2
262	Kay Felder	CLE	21	16	11	5	11.7	5.8	2.1	4.6	45.2	0.3	0.6	44.4	1.4	1.9	76.7	0.1	1.1	1.3	1.9	0.6	0.4	0.2	1.2	0	0	-0.8
263	Terry Rozier	BOS	22	31	18	13	18.1	5.8	2.2	5.7	37.9	0.7	2.2	31.9	0.7	1.1	69.7	0.5	2.8	3.3	1.8	0.6	0.6	0.2	1.0	0	0	0.5
264	JaVale McGee	GSW	28	31	26	5	8.4	5.8	2.5	3.9	64.5	0.0	0.1	0.0	0.7	1.6	46.9	0.9	1.6	2.5	0.3	0.6	0.2	0.6	1.2	0	0	2.0
265	Tarik Black	LAL	25	26	12	14	14.7	5.8	2.1	4.3	48.2	0.0	0.0	0.0	1.6	2.0	79.2	2.2	2.9	5.1	0.5	0.7	0.3	0.5	2.5	0	0	-0.2
266	Aaron Brooks	IND	31	33	17	16	14.7	5.8	2.2	5.2	41.8	0.8	2.2	35.6	0.7	0.8	88.0	0.3	0.8	1.2	2.4	1.2	0.5	0.2	1.6	0	0	0.7
267	Anthony Morrow	OKC	31	28	17	11	16.4	5.7	2.2	5.5	40.3	0.8	2.9	28.8	0.5	0.6	81.3	0.3	0.5	0.7	0.5	0.2	0.5	0.1	1.0	0	0	-1.0
268	Kelly Oubre Jr.	WAS	21	32	14	18	18.8	5.7	2.1	5.0	41.3	0.6	2.2	28.2	0.9	1.2	76.9	0.7	2.9	3.6	0.7	0.7	0.7	0.1	2.2	1	0	-2.8
269	Anthony Tolliver	SAC	31	22	11	11	19.5	5.7	1.8	4.1	44.0	1.1	3.0	37.3	0.9	1.0	95.2	0.9	2.5	3.4	0.9	0.5	0.2	0.2	1.5	1	0	-2.1
270	Alex Abrines	OKC	23	28	15	13	13.7	5.6	1.9	4.9	37.7	1.3	3.6	35.6	0.6	0.7	90.0	0.3	0.9	1.2	0.4	0.6	0.4	0.1	1.2	0	0	-1.5
271	Andre Iguodala	GSW	32	34	30	4	24.8	5.6	2.2	4.9	45.5	0.7	2.3	29.9	0.5	0.8	59.3	0.6	2.9	3.5	3.2	0.7	0.9	0.4	1.4	0	0	6.4
272	Hollis Thompson	PHI	25	31	9	22	18.1	5.5	2.1	5.1	41.5	0.8	2.3	36.6	0.4	0.6	65.0	0.5	2.2	2.7	0.8	0.3	0.5	0.2	1.8	0	0	-2.9
273	Meyers Leonard	POR	24	33	14	19	15.9	5.5	2.0	5.4	36.5	1.1	3.3	33.3	0.5	0.5	100	0.3	2.8	3.1	0.7	0.5	0.1	0.4	2.3	1	0	-1.0
274	Willy Hernangomez	NYK	22	29	14	15	13.7	5.5	2.3	4.1	56.3	0.1	0.2	33.3	0.8	1.2	67.6	1.5	3.2	4.7	0.8	1.2	0.3	0.5	1.5	0	0	-0.5
275	Joakim Noah	NYK	31	30	12	18	22.7	5.4	2.3	4.8	48.3	0.0	0.0	0.0	0.8	1.9	44.6	3.3	5.3	8.6	2.5	1.2	0.7	0.9	2.6	4	0	-2.4
276	Luis Scola	BKN	36	26	6	20	12.9	5.4	2.2	4.4	48.7	0.4	1.2	34.4	0.7	1.1	64.3	1.5	2.4	3.9	0.9	1.0	0.3	0.2	1.7	1	0	-3.3
277	Brandon Bass	LAC	31	22	12	10	11.5	5.4	2.1	3.5	59.0	0.0	0.1	50.0	1.2	1.3	89.7	0.7	1.5	2.2	0.6	0.6	0.1	0.2	0.8	0	0	-3.6
278	Yogi Ferrell	BKN	23	10	1	9	15.1	5.4	1.8	4.9	36.7	0.8	2.7	29.6	1.0	1.6	62.5	0.4	0.8	1.2	1.7	1.4	0.2	0.2	1.1	0	0	-4.4
279	Joffrey Lauvergne	OKC	25	31	19	12	14.3	5.4	2.1	4.6	45.8	0.6	1.6	36.0	0.6	1.1	55.9	1.0	2.6	3.7	1.0	0.6	0.5	0.2	1.6	0	0	-1.4
280	Michael Carter-Williams	CHI	25	8	6	2	20.3	5.4	1.8	6.8	25.9	0.4	1.9	20.0	1.5	1.9	80.0	1.1	3.6	4.8	2.5	1.9	0.8	0.6	2.5	0	0	0.4
281	Richard Jefferson	CLE	36	33	26	7	19.4	5.3	1.8	4.4	42.1	0.7	2.3	29.3	0.9	1.2	79.5	0.3	2.2	2.4	1.0	0.6	0.3	0.1	1.7	1	0	3.8
282	Troy Williams	MEM	22	24	15	9	17.4	5.3	2.1	5.1	41.8	0.4	1.7	24.4	0.6	1.0	60.0	0.3	1.6	1.8	0.8	1.1	1.0	0.4	1.8	0	0	-2.7
283	Malcolm Delaney	ATL	27	34	18	16	16.5	5.3	2.0	5.3	37.2	0.2	1.4	17.4	1.1	1.3	86.0	0.1	1.5	1.7	2.8	1.6	0.4	0.0	1.5	0	0	1.6
284	Chandler Parsons	MEM	28	12	8	4	17.9	5.3	2.2	6.5	33.3	0.5	2.7	18.8	0.4	0.5	83.3	0.2	2.1	2.3	1.3	0.7	0.5	0.2	0.8	0	0	-0.1
285	Boris Diaw	UTA	34	27	16	11	20.3	5.1	2.2	4.7	46.1	0.5	1.4	35.1	0.3	0.3	88.9	0.6	1.7	2.3	2.2	1.7	0.2	0.0	1.4	0	0	1.7
286	Darrell Arthur	DEN	28	15	5	10	13.9	5.1	1.9	4.1	46.8	1.1	2.2	51.5	0.1	0.1	100	0.3	1.5	1.9	1.0	1.2	0.2	0.3	2.1	0	0	-0.7
287	Dorian Finney-Smith	DAL	23	34	11	23	22.9	5.1	1.8	4.5	40.3	0.9	2.8	31.9	0.6	0.7	76.0	0.7	2.3	2.9	1.0	0.7	0.6	0.3	1.7	0	0	-2.0
288	Jaylen Brown	BOS	20	35	21	14	13.4	5.1	2.0	4.4	45.5	0.4	1.1	32.5	0.7	1.1	64.1	0.6	1.2	1.9	0.6	0.6	0.3	0.3	1.4	0	0	-0.6
289	Roy Hibbert	CHA	30	29	15	14	15.8	5.1	1.8	3.7	49.1	0.0	0.0	0.0	1.5	1.9	76.8	1.3	2.3	3.6	0.6	0.8	0.2	1.1	2.3	1	0	-0.5
290	Trey Burke	WAS	24	30	14	16	12.3	5.1	2.1	4.5	45.6	0.5	1.1	45.5	0.4	0.6	68.4	0.1	0.4	0.5	1.3	0.7	0.2	0.1	0.9	0	0	-2.8
291	Archie Goodwin	NOP	22	3	1	2	9.9	5.0	0.7	1.7	40.0	0.3	0.7	50.0	3.3	3.3	100	0.0	0.0	0.0	0.3	0.0	0.0	0.3	0.3	0	0	-0.7
292	Reggie Williams	NOP	30	5	1	4	12.7	5.0	1.4	4.0	35.0	1.0	2.0	50.0	1.2	1.4	85.7	0.4	0.8	1.2	0.8	0.0	0.6	0.0	0.4	0	0	-1.4
293	Anthony Bennett	BKN	23	22	3	19	11.9	5.0	1.6	4.1	40.0	0.5	2.1	25.5	1.2	1.6	72.2	1.1	2.4	3.5	0.5	0.5	0.2	0.1	0.8	0	0	-3.1
294	Gerald Green	BOS	30	17	11	6	10.5	5.0	1.8	4.8	38.3	0.9	2.4	36.6	0.5	0.6	80.0	0.6	1.4	2.0	1.1	0.5	0.3	0.2	0.9	0	0	-0.5
295	Pascal Siakam	TOR	22	34	23	11	18.5	4.9	2.2	4.3	51.0	0.0	0.1	0.0	0.5	0.7	75.0	1.3	2.4	3.6	0.4	0.7	0.5	0.9	2.4	0	0	-0.8
296	Zaza Pachulia	GSW	32	31	27	4	17.7	4.9	1.9	3.7	50.4	0.0	0.0	0.0	1.2	1.5	80.4	2.2	3.6	5.8	2.1	1.4	0.7	0.4	2.2	2	0	6.9
297	Randy Foye	BKN	33	23	5	18	17.0	4.9	1.6	4.5	35.6	0.9	2.9	31.8	0.7	0.9	81.0	0.0	2.2	2.3	1.8	1.3	0.4	0.2	1.2	0	0	-3.7
298	Josh McRoberts	MIA	29	22	6	16	17.3	4.9	2.0	5.4	37.3	0.6	1.4	41.9	0.3	0.4	66.7	1.0	2.3	3.4	2.3	1.0	0.5	0.2	1.4	0	0	-3.3
299	Lance Thomas	NYK	28	23	8	15	16.6	4.8	1.8	4.7	38.3	0.7	1.7	39.5	0.6	0.7	87.5	0.4	1.3	1.7	0.3	0.5	0.4	0.1	1.4	0	0	-5.0
300	Adreian Payne	MIN	25	10	3	7	8.8	4.8	1.7	3.8	44.7	0.2	1.0	20.0	1.2	1.5	80.0	0.6	1.2	1.8	0.4	0.7	0.4	0.4	1.9	0	0	-1.9
301	Devin Harris	DAL	33	19	8	11	15.1	4.8	1.7	4.3	39.5	0.9	2.6	34.0	0.5	0.6	83.3	0.2	1.7	1.9	1.4	0.7	0.5	0.1	1.2	0	0	-2.1
302	Shaun Livingston	GSW	31	34	29	5	17.3	4.7	2.1	3.9	55.7	0.0	0.0	0.0	0.4	0.8	55.6	0.4	1.6	2.0	1.8	0.7	0.5	0.2	1.5	0	0	1.4
303	Jose Calderon	LAL	35	14	4	10	13.9	4.7	1.9	3.9	48.1	0.7	1.7	41.7	0.3	0.3	100	0.4	1.8	2.2	2.6	1.6	0.4	0.1	1.1	0	0	-7.8
304	TJ McConnell	PHI	24	33	9	24	20.8	4.7	2.0	4.6	43.0	0.2	0.7	27.3	0.5	0.8	72.0	0.4	2.0	2.5	4.9	1.6	1.3	0.1	1.7	1	0	-3.8
305	Jordan McRae	CLE	25	21	16	5	11.0	4.7	1.7	4.7	35.7	0.5	1.3	35.7	0.9	1.0	81.8	0.1	1.2	1.4	0.6	0.4	0.3	0.1	0.9	0	0	-2.1
306	Mike Dunleavy	CLE	36	23	19	4	15.9	4.6	1.6	3.9	40.0	0.9	2.5	35.1	0.6	0.8	73.7	0.2	1.8	2.0	0.9	0.6	0.3	0.1	1.4	0	0	-0.3
307	Spencer Dinwiddie	BKN	23	10	1	9	13.6	4.6	1.8	3.7	48.6	0.1	0.7	14.3	0.9	1.3	69.2	0.3	0.8	1.1	1.6	1.4	0.7	0.2	1.6	0	0	-0.1
308	Willie Cauley-Stein	SAC	23	30	13	17	11.7	4.6	2.0	3.7	55.5	0.0	0.0	0.0	0.5	1.1	45.5	0.8	1.4	2.1	0.3	0.6	0.4	0.4	2.0	0	0	-3.8
309	Jonas Jerebko	BOS	29	35	21	14	16.7	4.5	1.8	3.9	45.6	0.7	1.8	37.5	0.3	0.4	78.6	0.8	2.5	3.3	0.8	0.5	0.5	0.2	1.7	0	0	-0.1
310	Willie Reed	MIA	26	28	9	19	12.7	4.5	2.0	3.4	57.3	0.0	0.1	0.0	0.6	1.3	48.6	1.9	2.5	4.5	0.4	0.3	0.1	0.6	1.5	2	0	0.4
311	Mindaugas Kuzminskas	NYK	27	28	12	16	11.0	4.5	1.6	3.9	41.3	0.8	2.0	40.4	0.5	0.6	77.8	0.5	0.8	1.3	0.8	0.5	0.4	0.1	1.1	0	0	-0.2
312	Dewayne Dedmon	SAS	27	29	22	7	15.1	4.5	1.9	3.2	57.4	0.0	0.0	0.0	0.8	1.2	67.6	1.5	4.1	5.6	0.4	0.6	0.4	0.9	2.3	0	0	3.1
313	Alexis Ajinca	NOP	28	20	5	15	14.7	4.5	2.0	4.3	46.5	0.0	0.2	0.0	0.5	0.7	71.4	1.1	3.4	4.5	0.4	0.8	0.4	0.8	1.8	0	0	-4.1
314	Lucas Nogueira	TOR	24	27	17	10	19.4	4.4	1.8	2.7	66.7	0.0	0.1	33.3	0.9	1.1	74.2	1.6	3.0	4.6	0.8	0.7	0.9	1.8	2.6	0	0	6.4
315	Rashad Vaughn	MIL	20	14	7	7	11.9	4.4	1.7	4.4	38.7	1.0	2.7	36.8	0.0	0.0	0.0	0.0	1.1	1.1	0.3	0.3	0.4	0.3	0.6	0	0	0.1
316	Sheldon McClellan	WAS	24	12	4	8	13.1	4.4	1.4	3.5	40.5	0.3	1.3	18.8	1.3	1.5	88.9	0.2	0.8	0.9	0.8	0.2	0.4	0.1	0.8	0	0	-0.2
317	Kris Humphries	ATL	31	25	14	11	10.7	4.4	1.5	3.8	39.4	0.3	0.9	31.8	1.1	1.3	87.5	1.2	1.9	3.2	0.6	0.6	0.2	0.4	1.0	0	0	-1.5
318	Caris LeVert	BKN	22	13	3	10	15.4	4.3	1.5	4.2	34.5	0.8	2.5	30.3	0.6	0.9	66.7	0.2	2.2	2.4	1.2	0.5	0.8	0.2	1.0	0	0	-1.6
319	Aron Baynes	DET	30	36	16	20	15.7	4.3	1.6	3.3	47.1	0.0	0.0	0.0	1.2	1.3	89.4	1.1	3.0	4.1	0.3	0.8	0.3	0.3	2.2	0	0	2.1
320	Jerian Grant	CHI	24	27	12	15	13.8	4.3	1.6	4.4	36.1	0.4	1.5	30.0	0.6	0.6	100	0.3	1.1	1.4	1.3	0.4	0.9	0.1	1.6	0	0	-0.6
321	David West	GSW	36	35	30	5	11.3	4.3	1.7	3.2	55.0	0.1	0.1	66.7	0.7	0.9	75.8	0.7	2.0	2.7	2.1	1.1	0.6	0.5	1.5	0	0	2.4
322	Luke Babbitt	MIA	27	28	8	20	15.2	4.3	1.5	4.3	35.5	0.9	2.8	33.8	0.3	0.4	63.6	0.2	1.7	1.9	0.4	0.3	0.3	0.1	1.3	0	0	-1.8
323	Kris Dunn	MIN	22	35	11	24	17.1	4.1	1.6	4.1	38.5	0.3	0.9	31.3	0.7	1.1	62.5	0.3	1.9	2.3	2.5	1.2	1.0	0.4	2.2	0	0	-1.7
324	Tyler Zeller	BOS	26	27	15	12	12.1	4.1	1.8	3.8	46.6	0.0	0.0	0.0	0.6	0.9	62.5	1.1	1.9	2.9	0.9	0.4	0.2	0.6	1.3	1	0	0.7
325	Jarell Martin	MEM	22	36	21	15	14.3	4.1	1.5	3.8	38.4	0.2	0.7	33.3	0.9	1.2	77.3	1.0	3.1	4.1	0.2	0.8	0.4	0.2	2.3	1	0	-1.1
326	Ed Davis	POR	27	35	14	21	17.3	4.0	1.5	2.9	50.5	0.0	0.0	0.0	1.1	1.6	64.9	2.1	3.1	5.2	0.5	0.8	0.3	0.6	3.0	2	0	-2.2
327	Pierre Jackson	DAL	25	3	1	2	8.6	4.0	1.0	4.0	25.0	0.3	1.0	33.3	1.7	1.7	100	0.0	0.7	0.7	2.3	0.7	0.3	0.0	0.7	0	0	8.7
328	Reggie Bullock	DET	25	4	1	3	10.4	4.0	1.8	4.0	43.8	0.5	1.8	28.6	0.0	0.0	0.0	0.8	0.5	1.3	0.3	0.3	0.3	0.5	0.0	0	0	1.5
329	Corey Brewer	HOU	30	36	27	9	14.6	4.0	1.5	3.6	42.3	0.4	1.6	23.2	0.6	0.8	69.0	0.4	1.5	1.8	1.0	0.6	0.5	0.2	1.8	0	0	3.6
330	Thomas Robinson	LAL	25	25	7	18	11.6	3.9	1.7	3.3	50.6	0.0	0.0	0.0	0.6	1.1	51.9	2.0	2.8	4.8	0.6	0.8	0.4	0.3	1.5	0	0	-3.1
331	Kevin Seraphin	IND	27	19	8	11	9.9	3.9	1.8	3.5	52.2	0.0	0.0	0.0	0.2	0.3	66.7	1.2	2.1	3.3	0.5	0.5	0.2	0.4	1.1	0	0	-0.9
332	Bobby Portis	CHI	21	23	10	13	11.4	3.9	1.6	3.3	46.8	0.3	0.6	42.9	0.5	0.9	55.0	1.2	2.0	3.2	0.7	0.7	0.1	0.2	1.3	0	0	-2.5
333	Shabazz Napier	POR	25	23	8	15	8.0	3.8	1.2	3.1	38.9	0.7	2.0	34.0	0.7	0.9	76.2	0.0	0.7	0.7	1.0	0.7	0.6	0.0	0.7	0	0	0.4
334	Darrun Hilliard	DET	23	21	11	10	11.1	3.8	1.4	3.6	38.7	0.4	1.3	33.3	0.6	0.9	72.2	0.1	0.9	1.0	0.8	0.8	0.3	0.0	1.2	0	0	0.0
335	Cristiano Felicio	CHI	24	27	13	14	13.6	3.8	1.5	3.0	50.0	0.0	0.0	0.0	0.8	1.3	62.9	2.3	2.4	4.7	0.7	0.4	0.3	0.2	1.5	1	0	-1.5
336	Anthony Brown	NOP	24	9	3	6	15.8	3.8	1.6	4.6	34.1	0.7	2.7	25.0	0.0	0.0	0.0	0.7	2.2	2.9	0.7	0.6	0.6	0.1	1.4	0	0	-1.2
337	Paul Pierce	LAC	39	12	7	5	12.3	3.8	1.2	3.3	35.9	0.8	2.2	34.6	0.7	0.8	80.0	0.0	1.5	1.5	0.2	0.7	0.3	0.3	2.1	0	0	0.3
338	Jason Smith	WAS	30	32	15	17	10.9	3.8	1.7	3.3	52.9	0.1	0.1	66.7	0.3	0.4	66.7	0.8	1.8	2.5	0.3	0.8	0.3	0.4	2.2	0	0	-2.4
339	Stanley Johnson	DET	20	33	14	19	14.6	3.6	1.3	3.7	35.5	0.4	1.5	26.5	0.6	0.9	63.3	0.5	1.7	2.1	1.1	0.6	0.6	0.4	1.4	0	0	-1.4
340	Wade Baldwin IV	MEM	20	23	14	9	13.2	3.5	1.1	3.6	31.3	0.1	0.8	11.1	1.2	1.4	84.4	0.3	1.1	1.4	2.1	1.3	0.5	0.3	1.2	0	0	-3.9
341	Malachi Richardson	SAC	20	5	1	4	6.5	3.4	1.0	2.6	38.5	0.6	1.8	33.3	0.8	0.8	100	0.0	0.8	0.8	0.4	0.0	0.2	0.0	0.4	0	0	-2.0
342	Taurean Prince	ATL	22	20	10	10	10.0	3.4	1.2	3.1	39.3	0.4	1.2	29.2	0.6	0.7	85.7	0.2	1.8	2.0	0.7	0.7	0.3	0.3	1.1	0	0	-0.1
343	Mario Hezonja	ORL	21	24	9	15	8.8	3.3	1.3	3.7	35.2	0.4	1.5	24.3	0.4	0.5	75.0	0.1	1.0	1.1	0.5	0.8	0.3	0.2	0.6	0	0	-2.8
344	Wesley Johnson	LAC	29	31	18	13	13.5	3.3	1.2	3.5	34.9	0.6	2.2	26.9	0.3	0.4	69.2	0.6	2.7	3.3	0.6	0.4	0.5	0.6	1.7	0	0	0.6
345	Andrew Bogut	DAL	32	19	6	13	23.8	3.3	1.6	3.5	45.5	0.0	0.1	0.0	0.2	0.6	27.3	2.5	7.3	9.7	2.2	1.8	0.5	0.9	3.3	0	0	-0.3
346	Juan Hernangomez	DEN	21	24	9	15	10.3	3.3	1.0	2.3	43.6	0.5	1.1	40.7	0.8	1.3	64.5	0.5	1.8	2.3	0.5	0.3	0.3	0.3	0.9	0	0	-0.6
347	Nicolas Laprovittola	SAS	26	18	15	3	9.7	3.3	1.1	2.6	42.6	0.6	1.5	37.0	0.5	0.5	100	0.1	0.5	0.6	1.6	1.1	0.2	0.1	1.1	0	0	-2.4
348	Ron Baker	NYK	23	11	3	8	8.8	3.3	1.3	3.5	36.8	0.4	1.5	23.5	0.4	0.5	66.7	0.3	0.8	1.1	0.9	0.7	0.4	0.1	0.4	0	0	0.2
349	Semaj Christon	OKC	24	34	21	13	15.5	3.2	1.4	4.1	34.1	0.2	1.1	18.4	0.3	0.6	47.4	0.4	1.0	1.4	2.5	0.7	0.4	0.1	1.3	0	0	-2.9
350	Tyler Ulis	PHX	20	23	4	19	9.2	3.2	1.3	3.2	40.5	0.1	0.3	37.5	0.5	0.6	78.6	0.2	0.5	0.7	1.4	0.7	0.8	0.0	0.8	0	0	0.7
351	Alan Williams	PHX	23	14	2	12	7.9	3.2	1.3	2.3	56.3	0.0	0.0	0.0	0.6	1.3	50.0	1.7	1.8	3.5	0.1	0.6	0.5	0.6	1.7	2	0	1.6
352	KJ McDaniels	HOU	23	20	15	5	9.3	3.2	1.3	2.9	43.1	0.4	1.2	29.2	0.4	0.4	87.5	0.2	1.1	1.3	0.2	0.5	0.3	0.4	0.9	0	0	-1.4
353	Dragan Bender	PHX	19	29	7	22	12.3	3.2	1.2	3.2	39.1	0.7	2.0	32.2	0.0	0.2	16.7	0.2	1.8	2.0	0.4	0.7	0.3	0.5	1.4	1	0	0.1
354	Tyus Jones	MIN	20	21	6	15	10.4	3.1	1.0	2.3	42.9	0.5	1.1	41.7	0.7	0.7	93.3	0.2	1.0	1.2	2.1	0.6	0.6	0.0	0.6	0	0	1.8
355	Noah Vonleh	POR	21	29	12	17	12.0	3.1	1.1	2.9	39.8	0.2	0.7	31.6	0.6	0.9	72.0	1.0	2.6	3.5	0.2	0.8	0.3	0.4	1.5	0	0	-2.8
356	Tomas Satoransky	WAS	25	23	10	13	14.7	3.1	1.3	3.2	39.7	0.1	0.8	10.5	0.5	0.7	64.7	0.4	1.1	1.5	2.2	0.9	0.5	0.0	1.5	0	0	0.8
357	Alan Anderson	LAC	34	13	7	6	11.7	3.1	1.2	3.2	36.6	0.5	1.6	33.3	0.2	0.3	75.0	0.2	0.9	1.2	0.5	0.4	0.2	0.0	1.2	0	0	-1.8
358	Omer Asik	NOP	30	28	10	18	16.7	3.0	1.1	2.3	47.7	0.0	0.0	0.0	0.8	1.4	59.0	1.7	4.0	5.8	0.5	0.4	0.2	0.4	1.5	1	0	-1.6
359	Jason Terry	MIL	39	28	14	14	16.9	3.0	1.0	3.0	34.9	0.8	2.1	37.3	0.2	0.3	71.4	0.2	1.0	1.2	1.4	0.3	0.3	0.2	1.0	0	0	2.6
360	Mike Scott	ATL	28	7	2	5	11.8	3.0	1.0	3.9	25.9	0.3	2.1	13.3	0.7	0.9	83.3	0.9	2.1	3.0	1.4	0.4	0.3	0.1	0.4	0	0	-3.4
361	Skal Labissiere	SAC	20	4	0	4	6.8	3.0	1.3	2.0	62.5	0.0	0.0	0.0	0.5	0.8	66.7	1.0	0.5	1.5	0.0	0.5	0.0	0.0	0.0	0	0	1.5
362	DeAndre Liggins	CLE	28	25	21	4	15.9	3.0	1.0	2.7	36.8	0.4	0.9	43.5	0.6	0.9	63.6	0.4	1.4	1.8	1.2	0.8	0.7	0.3	1.8	0	0	4.0
363	Kevon Looney	GSW	20	28	24	4	8.8	2.9	1.3	2.1	60.3	0.0	0.1	25.0	0.4	0.6	58.8	0.9	1.7	2.6	0.6	0.3	0.2	0.5	1.4	0	0	1.6
364	Joe Young	IND	24	17	8	9	6.0	2.9	1.1	3.0	37.3	0.2	0.9	20.0	0.5	0.6	72.7	0.1	0.7	0.8	0.6	0.1	0.2	0.0	0.2	0	0	-2.5
365	Patrick McCaw	GSW	21	26	22	4	12.2	2.8	1.1	2.8	38.9	0.6	1.5	37.5	0.1	0.2	50.0	0.3	0.8	1.0	1.0	0.6	0.4	0.3	0.9	0	0	-0.2
366	Malik Beasley	DEN	20	10	4	6	5.5	2.8	1.0	3.0	33.3	0.4	1.3	30.8	0.4	0.6	66.7	0.0	0.5	0.5	0.3	0.0	0.2	0.0	0.4	0	0	3.2
367	James Jones	CLE	36	20	15	5	6.8	2.8	0.9	1.7	52.9	0.8	1.2	62.5	0.3	0.4	71.4	0.1	0.3	0.4	0.2	0.2	0.1	0.3	0.6	0	0	-2.1
368	Marcelo Huertas	LAL	33	14	3	11	11.9	2.8	1.1	3.0	38.1	0.1	0.9	15.4	0.4	0.7	50.0	0.1	1.1	1.1	2.9	1.2	0.7	0.1	0.9	0	0	-1.8
369	Raul Neto	UTA	24	20	11	9	7.6	2.8	1.2	2.3	50.0	0.3	0.9	35.3	0.2	0.2	100	0.1	0.8	0.9	0.7	0.4	0.4	0.0	0.9	0	0	1.8
370	Denzel Valentine	CHI	23	23	11	12	11.0	2.7	0.9	3.1	29.6	0.6	2.0	29.8	0.3	0.3	87.5	0.0	1.5	1.6	0.6	0.5	0.3	0.0	1.0	0	0	-2.7
371	Andrew Nicholson	WAS	27	23	13	10	9.0	2.7	1.2	2.9	40.3	0.1	0.7	20.0	0.3	0.4	60.0	0.4	0.9	1.3	0.3	0.4	0.4	0.2	1.3	0	0	-2.6
372	CJ Watson	ORL	32	26	11	15	13.4	2.7	0.8	2.9	28.9	0.4	1.4	30.6	0.6	0.7	78.9	0.1	1.1	1.2	1.5	0.4	0.5	0.0	0.7	0	0	-0.7
373	Davis Bertans	SAS	24	28	25	3	9.7	2.6	0.9	2.2	40.3	0.6	1.7	35.4	0.3	0.3	77.8	0.3	0.9	1.1	0.5	0.4	0.2	0.5	0.9	0	0	1.1
374	Chris McCullough	BKN	21	10	0	10	5.6	2.6	1.2	2.6	46.2	0.1	0.5	20.0	0.1	0.1	100	0.8	0.8	1.6	0.2	0.2	0.0	0.2	0.5	0	0	3.1
375	Jakob Poeltl	TOR	21	17	14	3	11.7	2.6	0.9	2.2	42.1	0.0	0.0	0.0	0.7	1.4	52.2	1.8	1.6	3.4	0.2	0.4	0.5	0.3	2.2	0	0	-0.4
376	Jeff Withey	UTA	26	24	15	9	9.1	2.6	1.0	1.7	56.1	0.0	0.0	0.0	0.7	0.9	76.2	0.9	1.6	2.5	0.1	0.3	0.4	0.8	1.1	0	0	-1.0
377	Salah Mejri	DAL	30	31	9	22	13.4	2.5	1.1	1.6	66.7	0.0	0.1	0.0	0.3	0.6	55.6	1.3	3.0	4.3	0.3	0.6	0.5	0.9	2.2	0	0	-1.4
378	Demetrius Jackson	BOS	22	4	1	3	4.2	2.5	0.8	1.0	75.0	0.3	0.3	100	0.8	1.5	50.0	0.5	0.5	1.0	0.8	0.0	0.0	0.0	0.0	0	0	0.3
379	Boban Marjanovic	DET	28	14	7	7	5.4	2.5	1.0	2.8	35.9	0.0	0.0	0.0	0.5	0.8	63.6	0.6	1.2	1.9	0.1	0.1	0.1	0.5	0.6	0	0	0.5
380	Miles Plumlee	MIL	28	23	12	11	9.8	2.5	0.9	1.9	46.5	0.0	0.0	0.0	0.7	1.0	70.8	0.8	0.8	1.6	0.7	0.8	0.4	0.3	1.6	0	0	-0.7
381	Maurice Ndour	NYK	24	15	6	9	7.4	2.5	0.9	1.9	48.3	0.0	0.1	0.0	0.6	0.7	90.0	0.4	0.9	1.3	0.1	0.2	0.3	0.1	0.9	0	0	0.0
382	Cole Aldrich	MIN	28	31	9	22	11.9	2.5	1.0	1.9	51.7	0.0	0.0	0.0	0.5	0.6	70.0	1.2	2.4	3.6	0.5	0.3	0.6	0.6	1.7	1	0	-0.6
383	Kyle Anderson	SAS	23	31	24	7	13.4	2.5	0.9	2.2	41.2	0.2	0.5	35.7	0.5	0.6	83.3	0.5	2.4	2.8	1.0	0.5	0.6	0.3	0.8	0	0	1.5
384	Jordan Mickey	BOS	22	9	4	5	7.5	2.4	1.1	2.2	50.0	0.0	0.0	0.0	0.2	0.6	40.0	0.9	1.0	1.9	0.3	0.4	0.1	0.0	0.9	0	0	-3.8
385	Dejounte Murray	SAS	20	17	13	4	5.5	2.4	0.9	2.2	42.1	0.2	0.4	42.9	0.4	0.7	50.0	0.2	0.6	0.8	0.6	0.9	0.2	0.1	0.6	0	0	-2.1
386	Treveon Graham	CHA	23	8	5	3	7.4	2.4	0.8	1.1	66.7	0.5	0.8	66.7	0.4	0.8	50.0	0.0	0.9	0.9	0.4	0.1	0.0	0.0	1.4	0	0	-2.1
387	Jake Layman	POR	22	19	6	13	6.5	2.4	0.8	2.5	31.3	0.4	1.7	24.2	0.4	0.5	77.8	0.1	0.5	0.6	0.3	0.2	0.3	0.1	0.6	0	0	1.8
388	Chris Andersen	CLE	38	12	8	4	9.5	2.3	0.8	1.8	40.9	0.0	0.3	0.0	0.8	1.2	71.4	0.8	1.8	2.6	0.4	0.4	0.4	0.6	1.7	0	0	0.7
389	Greivis Vasquez	BKN	29	3	1	2	12.9	2.3	0.7	2.7	25.0	0.3	1.0	33.3	0.7	1.0	66.7	0.0	0.7	0.7	1.7	0.3	0.3	0.3	2.0	0	0	-4.3
390	Tyler Ennis	HOU	22	22	16	6	7.6	2.3	1.0	2.5	39.3	0.2	0.6	35.7	0.1	0.1	66.7	0.2	0.5	0.7	1.2	0.9	0.2	0.0	1.2	0	0	-2.4
391	Timothe Luwawu-Cabarrot	PHI	21	21	5	16	8.1	2.3	0.6	2.0	31.7	0.2	0.7	28.6	0.9	1.1	75.0	0.0	0.9	1.0	0.3	0.4	0.2	0.2	1.2	0	0	-0.5
392	DeAndre' Bembry	ATL	22	11	5	6	7.3	2.3	1.0	2.2	45.8	0.0	0.4	0.0	0.3	0.5	50.0	0.4	0.7	1.1	0.3	0.5	0.2	0.0	0.5	0	0	-0.9
393	Mike Miller	DEN	36	4	0	4	4.3	2.3	0.8	1.0	75.0	0.8	1.0	75.0	0.0	0.0	0.0	0.0	1.0	1.0	1.0	0.3	0.0	0.0	0.3	0	0	1.3
394	Kyle Singler	OKC	28	20	12	8	10.5	2.2	0.8	2.0	40.0	0.3	1.1	23.8	0.4	0.4	87.5	0.1	1.1	1.2	0.2	0.5	0.1	0.2	0.8	0	0	0.6
395	Deyonta Davis	MEM	20	21	14	7	7.9	2.2	1.0	1.6	58.8	0.0	0.0	0.0	0.3	0.5	54.5	0.7	1.3	2.0	0.1	0.4	0.0	0.6	1.4	0	0	-0.3
396	Quincy Acy	DAL	26	6	0	6	8.0	2.2	0.8	2.8	29.4	0.2	1.2	14.3	0.3	0.5	66.7	0.3	1.0	1.3	0.0	0.3	0.0	0.0	1.5	0	0	-4.3
397	Ivica Zubac	LAL	19	7	2	5	7.8	2.1	0.7	2.4	29.4	0.0	0.0	0.0	0.7	0.9	83.3	0.4	0.9	1.3	0.1	0.4	0.1	0.0	1.0	0	0	-1.4
398	Thon Maker	MIL	19	14	8	6	4.0	2.1	0.7	1.3	55.6	0.3	0.6	50.0	0.4	0.7	60.0	0.2	1.1	1.3	0.0	0.1	0.0	0.2	0.6	0	0	-0.4
399	Jordan Hill	MIN	29	5	2	3	7.9	2.0	0.8	2.2	36.4	0.0	0.0	0.0	0.4	0.4	100	1.4	1.2	2.6	0.0	0.6	0.2	0.0	1.8	0	0	1.2
400	Edy Tavares	ATL	24	1	1	0	3.6	2.0	1.0	1.0	100	0.0	0.0	0.0	0.0	2.0	0.0	0.0	1.0	1.0	0.0	0.0	0.0	0.0	0.0	0	0	6.0
401	Damjan Rudez	ORL	30	21	8	13	8.0	2.0	0.7	2.1	34.1	0.5	1.6	32.4	0.0	0.0	0.0	0.2	0.6	0.8	0.4	0.3	0.4	0.0	0.9	0	0	-0.6
402	John Jenkins	PHX	25	4	0	4	3.2	1.8	0.5	1.3	40.0	0.3	0.5	50.0	0.5	0.5	100	0.0	0.3	0.3	0.3	0.0	0.0	0.0	0.0	0	0	2.3
403	Pat Connaughton	POR	23	14	4	10	5.7	1.7	0.6	0.9	69.2	0.1	0.2	66.7	0.3	0.4	66.7	0.1	0.8	0.9	0.4	0.1	0.0	0.1	0.4	0	0	1.7
404	Sasha Vujacic	NYK	32	21	9	12	8.5	1.7	0.6	2.0	31.0	0.3	1.2	24.0	0.1	0.2	75.0	0.1	1.2	1.4	0.8	0.4	0.3	0.0	0.9	0	0	-0.1
405	Nicolas Brussino	DAL	23	25	5	20	6.9	1.6	0.5	1.5	35.1	0.3	1.0	28.0	0.2	0.3	85.7	0.3	0.8	1.1	0.8	0.3	0.3	0.2	0.6	0	0	0.2
406	Brian Roberts	CHA	31	9	5	4	5.8	1.6	0.2	1.4	15.4	0.0	0.2	0.0	1.1	1.3	83.3	0.2	0.3	0.6	0.7	0.6	0.1	0.0	0.2	0	0	-3.2
407	Brandon Rush	MIN	31	11	2	9	11.0	1.5	0.5	2.2	25.0	0.4	1.3	28.6	0.1	0.2	50.0	0.0	1.3	1.3	0.6	0.5	0.2	0.2	0.5	0	0	-0.7
408	Derrick Jones, Jr.	PHX	19	2	0	2	2.8	1.5	0.5	0.5	100	0.0	0.0	0.0	0.5	0.5	100	0.0	0.0	0.0	0.0	0.0	0.0	0.0	0.5	0	0	1.5
409	Udonis Haslem	MIA	36	10	2	8	8.2	1.5	0.5	1.3	38.5	0.0	0.1	0.0	0.5	0.7	71.4	0.5	1.6	2.1	0.2	0.3	0.3	0.0	1.2	0	0	-4.1
409	Jarnell Stokes	DEN	22	2	0	2	3.3	1.5	0.5	0.5	100	0.0	0.0	0.0	0.5	1.0	50.0	0.5	0.5	1.0	1.0	0.0	0.5	0.0	1.5	0	0	0.0
411	Diamond Stone	LAC	19	4	4	0	3.9	1.5	0.5	2.3	22.2	0.0	0.0	0.0	0.5	0.5	100	0.3	0.5	0.8	0.0	0.3	0.0	0.3	1.0	0	0	-4.8
412	Lavoy Allen	IND	27	28	14	14	12.8	1.5	0.7	2.1	32.2	0.0	0.0	0.0	0.1	0.2	66.7	1.1	1.4	2.5	1.0	0.3	0.3	0.3	1.1	0	0	-4.3
413	Fred VanVleet	TOR	22	9	8	1	4.9	1.4	0.7	1.7	40.0	0.1	0.3	33.3	0.0	0.0	0.0	0.0	0.3	0.3	0.8	0.1	0.7	0.0	0.4	0	0	3.4
414	AJ Hammons	DAL	24	17	3	14	4.5	1.4	0.5	1.3	40.9	0.2	0.4	66.7	0.1	0.6	20.0	0.3	0.9	1.2	0.1	0.2	0.0	0.4	0.6	0	0	1.8
415	Nick Collison	OKC	36	10	3	7	6.1	1.4	0.6	1.0	60.0	0.0	0.0	0.0	0.2	0.3	66.7	0.3	0.9	1.2	0.7	0.2	0.1	0.1	0.7	0	0	0.6
416	Marshall Plumlee	NYK	24	3	2	1	8.8	1.3	0.3	0.3	100	0.0	0.0	0.0	0.7	1.0	66.7	0.3	1.7	2.0	0.3	0.0	0.3	0.0	1.0	0	0	2.0
417	Tim Quarterman	POR	22	12	4	8	3.3	1.3	0.6	0.8	70.0	0.2	0.4	40.0	0.0	0.0	0.0	0.2	0.3	0.5	0.6	0.3	0.1	0.2	0.3	0	0	1.0
418	James Young	BOS	21	11	6	5	5.8	1.3	0.5	1.3	42.9	0.2	0.6	28.6	0.0	0.0	0.0	0.2	0.8	1.0	0.3	0.1	0.3	0.0	0.2	0	0	3.1
419	Daniel Ochefu	WAS	23	8	4	4	4.5	1.3	0.6	1.4	45.5	0.0	0.0	0.0	0.0	0.3	0.0	0.1	1.1	1.3	0.1	0.3	0.0	0.0	0.9	0	0	-0.5
420	Stephen Zimmerman	ORL	20	8	3	5	4.0	1.3	0.6	1.4	45.5	0.0	0.0	0.0	0.0	0.1	0.0	0.5	1.3	1.8	0.1	0.0	0.1	0.1	0.1	0	0	-1.1
421	Metta World Peace	LAL	37	13	1	12	5.5	1.2	0.4	1.6	23.8	0.2	0.9	16.7	0.3	0.5	66.7	0.2	0.3	0.5	0.3	0.2	0.2	0.2	0.8	0	0	-4.8
422	Anderson Varejao	GSW	34	9	7	2	6.9	1.2	0.2	0.9	25.0	0.0	0.0	0.0	0.8	0.9	87.5	1.2	1.2	2.4	0.8	0.7	0.2	0.2	0.9	0	0	-3.7
423	James Michael McAdoo	GSW	24	14	11	3	5.9	1.2	0.6	1.4	40.0	0.0	0.2	0.0	0.1	0.4	20.0	0.1	0.8	0.9	0.2	0.3	0.1	0.2	0.4	0	0	-0.3
424	Kyle Wiltjer	HOU	24	9	8	1	3.3	1.1	0.3	1.1	30.0	0.3	1.1	30.0	0.1	0.2	50.0	0.3	0.4	0.8	0.0	0.3	0.0	0.1	0.3	0	0	-3.1
425	Ryan Kelly	ATL	25	9	3	6	5.3	1.1	0.3	1.1	30.0	0.2	0.6	40.0	0.2	0.2	100	0.0	1.1	1.1	0.6	0.2	0.4	0.2	0.3	0	0	2.0
426	Henry Ellenson	DET	19	10	5	5	3.7	1.1	0.4	1.4	28.6	0.3	0.9	33.3	0.0	0.0	0.0	0.1	0.7	0.8	0.1	0.3	0.0	0.0	0.0	0	0	-0.9
427	Ian Mahinmi	WAS	30	1	0	1	14.1	1.0	0.0	1.0	0.0	0.0	0.0	0.0	1.0	2.0	50.0	0.0	1.0	1.0	0.0	2.0	1.0	1.0	3.0	0	0	-11.0
428	Rakeem Christmas	IND	25	3	0	3	4.8	1.0	0.3	1.3	25.0	0.0	0.0	0.0	0.3	0.3	100	0.3	0.7	1.0	0.3	0.0	0.0	0.3	0.3	0	0	-0.3
429	Georgios Papagiannis	SAC	19	2	0	2	4.5	1.0	0.5	0.5	100	0.0	0.0	0.0	0.0	0.0	0.0	0.0	0.5	0.5	0.0	0.5	0.0	0.0	1.5	0	0	0.0
430	CJ Wilcox	ORL	26	15	6	9	5.0	0.9	0.3	1.1	29.4	0.1	0.8	16.7	0.1	0.1	100	0.1	0.5	0.6	0.6	0.3	0.1	0.1	0.3	0	0	-0.5
431	Alonzo Gee	DEN	29	12	4	8	7.1	0.9	0.3	1.1	23.1	0.0	0.3	0.0	0.4	0.8	55.6	0.3	0.8	1.1	0.5	0.2	0.4	0.1	1.0	0	0	-1.0
432	Joel Bolomboy	UTA	22	9	6	3	2.3	0.9	0.3	0.6	60.0	0.0	0.1	0.0	0.2	0.4	50.0	0.1	1.0	1.1	0.1	0.1	0.1	0.1	0.1	0	0	-0.2
433	Bryn Forbes	SAS	23	13	10	3	4.4	0.8	0.3	1.1	28.6	0.1	0.5	14.3	0.1	0.1	100	0.0	0.3	0.3	0.1	0.0	0.1	0.0	0.5	0	0	-2.5
434	Georges Niang	IND	23	15	8	7	5.1	0.7	0.3	1.9	14.3	0.1	0.7	10.0	0.1	0.1	100	0.1	0.8	0.9	0.3	0.3	0.1	0.0	0.4	0	0	-1.3
435	Steve Novak	MIL	33	8	6	2	2.7	0.6	0.3	0.9	28.6	0.1	0.8	16.7	0.0	0.0	0.0	0.0	0.4	0.4	0.0	0.0	0.0	0.0	0.1	0	0	0.0
436	Arinze Onuaku	ORL	29	7	3	4	3.7	0.6	0.3	0.6	50.0	0.0	0.0	0.0	0.0	0.0	0.0	0.3	0.6	0.9	0.3	0.3	0.0	0.1	0.4	0	0	-1.9
437	Michael Gbinije	DET	24	8	6	2	3.6	0.5	0.1	1.3	10.0	0.0	0.5	0.0	0.3	0.3	100	0.3	0.1	0.4	0.3	0.0	0.0	0.0	0.3	0	0	-0.1
438	Bruno Caboclo	TOR	21	6	5	1	3.5	0.5	0.2	0.7	25.0	0.2	0.5	33.3	0.0	0.0	0.0	0.3	0.5	0.8	0.5	0.3	0.3	0.0	0.5	0	0	0.7
439	John Lucas III	MIN	34	5	3	2	2.1	0.4	0.2	0.8	25.0	0.0	0.2	0.0	0.0	0.0	0.0	0.0	0.0	0.0	0.2	0.0	0.4	0.0	0.0	0	0	2.4
440	Paul Zipser	CHI	22	9	5	4	5.4	0.3	0.1	1.4	7.7	0.0	0.4	0.0	0.1	0.4	25.0	0.2	1.0	1.2	0.4	0.4	0.2	0.0	0.4	0	0	-0.9
441	Bobby Brown	HOU	32	8	6	2	3.4	0.3	0.1	1.6	7.7	0.0	0.6	0.0	0.0	0.0	0.0	0.0	0.4	0.4	0.0	0.1	0.0	0.0	0.3	0	0	-3.8
442	Aaron Harrison	CHA	22	5	2	3	3.3	0.2	0.0	0.8	0.0	0.0	0.4	0.0	0.2	0.4	50.0	0.0	0.6	0.6	0.6	0.0	0.0	0.0	0.4	0	0	-1.0
443	Damian Jones	GSW	21	1	0	1	9.0	0.0	0.0	0.0	0.0	0.0	0.0	0.0	0.0	0.0	0.0	0.0	0.0	0.0	0.0	2.0	0.0	0.0	2.0	0	0	0.0
444	RJ Hunter	CHI	23	3	2	1	3.1	0.0	0.0	0.3	0.0	0.0	0.3	0.0	0.0	0.0	0.0	0.0	0.3	0.3	0.0	0.0	0.0	0.0	0.0	0	0	-3.3
445	Alec Burks	UTA	25	1	1	0	3.1	0.0	0.0	1.0	0.0	0.0	1.0	0.0	0.0	0.0	0.0	0.0	0.0	0.0	0.0	1.0	0.0	0.0	0.0	0	0	-2.0
446	Christian Wood	CHA	21	1	1	0	3.3	0.0	0.0	1.0	0.0	0.0	1.0	0.0	0.0	0.0	0.0	0.0	2.0	2.0	0.0	0.0	0.0	0.0	0.0	0	0	-3.0
447	Danuel House	WAS	23	1	0	1	0.8	0.0	0.0	0.0	0.0	0.0	0.0	0.0	0.0	0.0	0.0	0.0	1.0	1.0	0.0	0.0	0.0	0.0	0.0	0	0	0.0
