1	Russell Westbrook	35	34.6	.543	23.8	12.1	42.6	6.2	27.4	17.0	30.07	344.7	11.5
2	Giannis Antetokounmpo	33	35.2	.615	20.8	10.4	27.9	6.4	21.8	14.3	28.86	318.4	10.6
3	James Harden		36	36.6	.614	29.3	13.9	35.0	4.1	20.6	12.5	28.38	351.1	11.7
4	DeMarcus Cousins	33	34.8	.561	11.5	9.3	35.4	6.7	26.7	16.6	27.84	279.9	9.3
5	Anthony Davis		34	37.3	.570	7.1	8.6	30.4	6.1	27.1	16.5	27.53	303.1	10.1
6	Kevin Durant		35	34.2	.647	17.5	8.5	26.6	2.0	23.9	13.8	27.42	302.3	10.1
7	Kawhi Leonard		33	33.2	.609	12.4	7.7	28.1	4.6	15.5	10.2	27.40	275.9	9.2
8	Isaiah Thomas		31	33.5	.610	20.3	7.1	32.5	1.6	6.9	4.2	27.23	251.7	8.4
9	Chris Paul		31	31.5	.603	35.9	8.5	25.5	2.6	15.7	9.3	27.11	234.4	7.8
10	Jimmy Butler		35	36.6	.594	15.7	7.6	27.7	5.1	14.8	9.9	26.50	305.9	10.2
11	LeBron James		30	37.2	.589	25.1	11.2	30.5	4.4	18.4	11.6	26.39	264.5	8.8
12	George Hill		13	30.5	.672	21.4	6.7	23.1	1.5	11.9	7.0	25.97	88.5	2.9
13	DeMar DeRozan		34	35.3	.554	12.7	7.8	32.7	3.0	13.0	8.0	24.89	257.8	8.6
14	Kevin Love		30	31.7	.600	7.7	9.4	26.2	8.8	28.3	18.9	24.68	187.2	6.2
15	Damian Lillard		32	35.8	.595	19.6	8.6	30.3	1.6	12.4	7.0	24.60	232.5	7.7
16	John Wall		32	36.3	.555	28.1	12.5	31.7	2.7	11.5	7.1	24.13	228.0	7.6
17	Nikola Jokic		32	24.5	.638	24.1	10.5	20.7	11.1	23.7	17.4	23.76	143.4	4.8
18	Kyle Lowry		34	36.9	.638	25.8	10.7	24.8	2.7	12.0	7.3	23.67	237.5	7.9
19	Enes Kanter		35	20.6	.607	6.4	10.9	24.4	12.4	20.5	16.5	23.64	140.3	4.7
20	Stephen Curry		35	33.3	.632	21.2	10.0	27.2	2.1	10.8	6.8	23.43	216.0	7.2
21	JaVale McGee		31	8.4	.628	4.7	11.7	24.4	12.2	19.6	16.2	23.33	49.4	1.6
22	Kemba Walker		34	33.5	.588	19.8	7.8	28.0	1.8	11.7	6.8	23.32	209.4	7.0
23	Joel Embiid		23	25.0	.571	8.5	16.7	33.6	9.1	23.1	16.1	23.23	108.5	3.6
24	Lou Williams		38	24.7	.592	15.2	10.3	29.5	1.0	9.3	5.0	23.15	176.9	5.9
25	Gordon Hayward		29	35.2	.591	14.8	8.2	26.7	2.2	16.8	9.9	23.00	190.2	6.3
27	Dwight Howard		30	29.4	.635	8.6	16.1	18.5	18.0	31.7	24.9	22.66	158.9	5.3
28	Blake Griffin		26	33.7	.543	17.7	9.1	27.9	6.9	21.9	14.6	22.41	142.5	4.7
29	Greg Monroe		32	20.1	.568	18.3	11.3	22.0	9.7	26.9	18.6	22.36	113.1	3.8
30	Karl-Anthony Towns	35	35.3	.555	11.7	10.5	26.5	11.3	27.2	19.0	22.34	216.8	7.2
31	Brook Lopez		30	29.1	.588	12.0	10.6	26.8	6.3	12.8	9.6	22.34	153.0	5.1
32	Mike Conley		25	31.2	.590	23.3	9.3	26.0	1.6	11.4	6.3	22.27	131.2	4.4
33	Hassan Whiteside	34	33.9	.556	3.7	11.1	21.4	12.4	33.7	22.8	21.91	194.5	6.5
34	Rudy Gobert		36	33.1	.698	7.7	14.9	14.0	12.0	29.2	21.1	21.82	199.7	6.7
35	Andre Drummond		36	30.3	.529	6.9	12.0	21.9	14.7	35.6	24.9	21.53	178.0	5.9
36	Marc Gasol		35	33.6	.545	17.4	8.3	26.4	2.5	18.5	10.3	21.06	183.4	6.1
37	Myles Turner		35	29.8	.615	6.5	9.3	19.1	5.7	20.9	13.5	20.62	155.8	5.2
38	CJ McCollum		36	34.4	.591	14.5	9.0	26.2	2.8	8.7	5.7	20.52	185.5	6.2
39	Marreese Speights	37	16.5	.594	7.5	6.9	22.4	8.6	24.1	16.6	20.46	89.9	3.0
40	Kenneth Faried		32	21.8	.577	8.6	11.1	16.7	16.2	24.0	20.1	20.14	89.8	3.0
41	Jeremy Lin		12	25.0	.564	28.0	12.8	25.7	0.7	12.8	6.8	20.10	40.7	1.4
42	Clint Capela		28	24.5	.625	7.9	11.3	17.7	10.9	25.3	18.2	20.10	97.2	3.2
43	Jabari Parker		33	33.7	.569	11.0	7.2	24.4	5.5	13.4	9.6	20.06	142.0	4.7
44	LaMarcus Aldridge	32	32.3	.563	10.9	8.0	22.6	8.1	17.5	12.9	20.00	131.2	4.4
45	Eric Bledsoe		36	32.5	.546	21.1	11.6	27.4	2.9	14.7	8.6	19.98	156.9	5.2
46	Dwyane Wade		32	30.4	.517	15.2	9.0	28.9	3.9	10.6	7.2	19.78	134.6	4.5
47	Kyle O'Quinn		32	15.1	.568	14.2	13.8	17.6	14.5	24.7	19.6	19.67	65.4	2.2
48	Bradley Beal		30	34.3	.577	14.8	7.1	25.6	2.0	7.3	4.6	19.64	140.5	4.7
49	Montrezl Harrell	27	17.7	.656	11.5	10.3	17.7	8.8	14.3	11.6	19.52	57.1	1.9
50	Pau Gasol		33	26.5	.552	17.5	8.5	20.4	6.9	26.6	17.0	19.48	116.1	3.9
51	DeAndre Jordan		37	31.6	.652	8.2	15.0	13.8	12.5	34.0	23.5	19.47	154.6	5.2
52	Al Horford		25	32.8	.549	23.6	8.1	21.3	4.5	17.6	11.0	19.39	107.5	3.6
53	Mason Plumlee		36	27.4	.572	27.0	10.4	18.3	7.7	22.9	15.2	19.38	129.3	4.3
54	Jeff Teague		36	32.1	.546	31.4	10.8	23.7	1.7	11.5	6.7	19.36	144.3	4.8
55	Paul George		29	35.9	.578	12.7	11.4	25.8	2.9	16.7	9.9	19.19	134.8	4.5
56	Dwight Powell		35	21.0	.593	11.2	5.8	14.8	7.9	21.1	14.0	19.16	83.9	2.8
57	Zach Randolph		30	22.8	.480	10.4	6.6	28.2	10.7	28.5	19.3	19.09	77.3	2.6
58	Serge Ibaka		36	30.4	.576	7.0	6.9	20.0	6.2	18.5	12.2	19.07	123.7	4.1
59	Jonas Valanciunas	32	26.7	.590	5.6	12.1	17.7	12.4	27.7	20.0	18.98	106.7	3.6
60	Willie Reed		28	12.6	.570	7.7	6.2	14.1	16.1	22.1	19.1	18.92	39.2	1.3
61	Kristaps Porzingis	32	34.8	.557	6.4	8.1	23.0	5.6	18.3	12.0	18.83	121.6	4.1
62	Nikola Vucevic		33	27.9	.482	15.0	7.9	23.2	9.2	32.1	20.4	18.63	110.3	3.7
63	David Lee		35	17.3	.617	19.3	10.9	16.2	10.5	22.1	16.5	18.61	64.3	2.1
64	Carmelo Anthony		33	33.4	.528	11.1	7.3	27.7	2.8	16.5	9.6	18.50	131.7	4.4
65	Paul Millsap		31	34.1	.531	16.3	9.4	23.3	5.6	21.1	13.3	18.39	108.5	3.6
66	Rudy Gay		24	33.6	.554	13.5	10.4	24.3	3.1	18.6	10.8	18.39	94.9	3.2
67	Draymond Green		33	32.9	.544	37.8	11.7	17.3	6.0	21.2	14.2	18.28	110.0	3.7
68	Terrence Ross		33	20.9	.593	5.6	4.4	19.1	1.6	11.2	6.4	18.27	80.0	2.7
69	Brandon Bass		22	11.5	.656	11.1	11.1	17.0	7.2	13.7	10.5	18.04	24.8	0.8
70	Steven Adams		35	29.5	.625	7.8	15.3	15.8	12.0	17.2	14.7	17.99	113.9	3.8
71	J.J. Barea		11	29.1	.529	25.1	8.4	25.0	1.4	12.3	6.4	17.93	33.1	1.1
72	Harrison Barnes		35	36.1	.537	6.5	6.4	24.6	4.2	14.7	9.1	17.73	136.4	4.5
73	Jeremy Lamb		24	17.4	.546	9.8	6.5	21.9	3.9	26.7	15.4	17.70	44.8	1.5
74	Patty Mills		35	22.5	.634	26.6	10.6	19.9	1.7	7.7	4.7	17.69	78.4	2.6
75	Otto Porter		34	33.7	.637	10.4	6.0	14.5	5.0	17.7	11.3	17.62	121.9	4.1
76	Cody Zeller		31	26.1	.621	13.0	9.8	15.7	8.7	16.7	12.7	17.61	84.6	2.8
77	Nick Young		31	26.4	.646	8.1	4.9	18.6	1.7	7.7	4.6	17.51	85.5	2.9
78	Richaun Holmes		21	16.0	.559	10.9	10.9	18.2	10.1	19.5	14.8	17.46	30.0	1.0
79	Jeff Withey		24	9.2	.617	3.3	13.3	11.3	11.7	18.9	15.5	17.40	22.3	0.7
80	Goran Dragic		28	34.4	.546	24.6	12.0	27.1	2.2	10.2	6.1	17.39	92.0	3.1
81	Jusuf Nurkic		31	19.7	.546	12.4	17.7	22.3	12.9	24.5	18.7	17.38	61.7	2.1
82	Tarik Black		26	14.7	.554	8.4	10.2	16.1	15.8	22.4	19.0	17.13	37.3	1.2
83	Ian Clark		32	14.3	.631	15.5	6.7	18.0	2.3	8.3	5.6	16.96	44.1	1.5
84	Dennis Schroder		34	31.1	.545	24.8	12.1	26.9	1.8	8.6	5.2	16.91	93.3	3.1
85	Al Jefferson		36	15.3	.501	9.7	5.0	22.7	9.1	22.5	16.0	16.89	51.6	1.7
86	Zach LaVine		34	37.6	.601	13.4	9.0	22.2	1.2	8.2	4.6	16.79	110.7	3.7
87	Julius Randle		33	29.3	.548	20.0	14.5	22.0	7.5	25.7	16.3	16.79	76.3	2.5
88	Jon Leuer		36	27.5	.587	14.2	6.9	16.4	5.8	19.7	12.6	16.77	77.9	2.6
89	David West		35	11.3	.594	30.4	16.5	18.3	6.8	17.7	12.7	16.71	30.8	1.0
90	Klay Thompson		35	34.1	.591	9.1	8.1	23.5	1.9	9.1	5.8	16.68	109.9	3.7
91	Lucas Nogueira		27	19.4	.701	16.7	15.1	8.6	9.3	17.1	13.2	16.60	47.0	1.6
92	Reggie Jackson		16	28.0	.526	24.4	11.1	28.3	1.5	8.1	4.7	16.55	37.1	1.2
93	Tobias Harris		37	32.6	.572	10.1	7.9	20.5	1.8	16.3	8.9	16.55	108.9	3.6
94	James Johnson		31	24.5	.587	17.6	14.2	20.7	4.0	18.3	11.0	16.54	57.2	1.9
95	Danilo Gallinari	32	34.2	.610	12.5	8.3	18.7	2.0	14.2	8.1	16.46	97.4	3.2
96	Jrue Holiday		21	31.0	.501	30.5	9.6	24.2	1.9	10.5	6.2	16.42	52.8	1.8
97	Derrick Rose		30	32.1	.508	18.2	9.9	26.1	4.2	9.2	6.7	16.40	77.6	2.6
98	Thomas Robinson		25	11.6	.516	10.9	14.9	16.1	18.0	27.8	22.7	16.36	21.0	0.7
99	Willy Hernangomez	29	13.7	.593	11.9	18.7	17.7	11.5	24.6	18.0	16.31	33.7	1.1
100	Eric Gordon		36	30.6	.599	14.8	9.5	22.5	1.2	8.3	4.8	16.26	94.5	3.2