1	Russell Westbrook	OKC	28	46	27	19	34.7	30.7	10.0	23.7	41.9	2.1	6.3	33.0	8.7	10.6	82.2	1.8	8.8	10.7	10.4	5.6	1.6	0.3	2.4	36	23	3.9
2	Isaiah Thomas	BOS	27	41	26	15	34.3	29.1	9.2	19.9	46.2	3.0	8.0	38.0	7.7	8.5	90.8	0.7	2.1	2.8	6.2	2.5	0.8	0.1	2.1	5	0	1.8
3	James Harden	HOU	27	49	34	15	36.6	28.6	8.3	18.5	44.7	3.0	8.8	34.5	9.1	10.6	85.5	1.2	7.0	8.2	11.6	5.9	1.4	0.5	2.6	40	13	5.8
4	Anthony Davis	NOP	23	42	16	26	35.9	28.1	10.2	20.4	50.0	0.5	1.7	29.6	7.2	9.1	79.3	2.3	9.5	11.8	2.2	2.5	1.3	2.4	2.3	27	0	-0.8
5	DeMarcus Cousins	SAC	26	44	18	26	34.6	28.0	9.4	20.8	44.9	1.7	4.7	36.5	7.5	9.7	77.3	2.0	8.3	10.3	4.4	3.4	1.4	1.4	3.6	25	1	0.1
6	DeMar DeRozan	TOR	27	44	28	16	35.4	27.9	10.0	21.3	47.3	0.4	1.4	25.8	7.5	8.8	85.0	1.0	4.3	5.3	3.8	2.4	1.2	0.2	1.9	3	0	2.3
7	Damian Lillard	POR	26	41	17	24	35.6	26.2	8.6	19.3	44.5	2.5	7.3	34.2	6.5	7.3	89.6	0.6	4.1	4.8	5.9	2.7	0.7	0.3	2.2	8	0	-1.2
8	Kevin Durant	GSW	28	46	39	7	34.4	26.2	9.3	17.1	54.3	2.0	5.0	38.8	5.7	6.6	86.8	0.6	7.8	8.4	4.7	2.3	1.2	1.7	2.0	17	1	11.5
9	LeBron James	CLE	32	41	30	11	37.6	25.6	9.4	18.2	51.9	1.7	4.6	36.3	5.0	7.1	70.3	1.4	6.5	7.9	8.4	4.2	1.5	0.6	1.7	19	5	6.5
10	Kawhi Leonard	SAS	25	41	32	9	33.6	25.5	8.4	17.2	49.0	2.1	5.0	41.3	6.6	7.2	91.2	1.2	4.5	5.7	3.2	1.9	1.8	0.7	1.6	6	0	6.2
11	Jimmy Butler	CHI	27	45	23	22	36.8	24.9	7.6	16.6	45.9	1.3	3.6	35.4	8.3	9.5	87.4	1.7	4.9	6.6	4.8	2.1	1.8	0.3	1.6	7	0	2.3
12	Stephen Curry	GSW	28	46	39	7	33.6	24.6	8.2	17.7	46.4	3.9	9.6	40.4	4.3	4.7	91.7	0.6	3.7	4.2	6.2	3.0	1.7	0.2	2.2	4	0	12.6
13	Kyrie Irving	CLE	24	39	27	12	35.3	24.4	9.0	19.3	46.9	2.4	6.0	40.8	3.9	4.4	88.9	0.8	2.5	3.3	5.6	2.6	1.2	0.2	1.9	6	0	5.4
14	Giannis Antetokounmpo	MIL	22	44	21	23	35.0	23.5	8.6	16.3	52.9	0.7	2.6	28.1	5.6	7.1	78.9	2.0	6.8	8.9	5.4	3.0	1.8	2.0	3.3	20	2	1.8
15	CJ McCollum	POR	25	46	19	27	34.7	23.5	8.8	18.3	47.8	2.6	6.1	41.8	3.4	3.8	89.1	0.8	2.7	3.5	3.7	2.3	1.2	0.7	2.8	1	0	-1.2
16	John Wall	WAS	26	43	25	18	36.4	23.1	8.5	18.3	46.4	1.1	3.4	31.7	5.0	6.1	82.4	0.9	3.7	4.6	10.1	4.3	2.2	0.5	2.0	26	0	3.3
17	Kemba Walker	CHA	26	45	23	22	33.8	23.0	8.2	18.0	45.7	2.8	6.9	41.1	3.8	4.6	82.7	0.6	3.4	4.1	5.5	2.3	1.2	0.2	1.6	5	0	3.9
18	Carmelo Anthony	NYK	32	46	20	26	33.6	22.7	8.1	18.5	43.8	2.1	5.6	37.2	4.4	5.3	83.5	0.8	5.2	6.1	3.1	2.0	0.9	0.4	2.7	5	0	-2.3
19	Kyle Lowry	TOR	30	45	27	18	37.3	22.4	7.1	15.1	46.9	3.2	7.5	42.2	5.1	6.1	83.0	0.9	3.9	4.8	6.9	2.9	1.6	0.4	2.9	7	0	6.4
20	Karl-Anthony Towns	MIN	21	45	17	28	36.2	22.4	8.7	17.3	50.3	1.1	3.4	31.6	4.0	4.8	81.7	3.4	8.5	11.9	3.0	2.8	0.6	1.5	3.1	34	1	-0.4
21	Paul George	IND	26	37	19	18	35.4	22.2	7.7	17.1	45.0	2.4	6.1	38.7	4.4	4.8	92.6	0.8	5.2	6.0	3.2	2.8	1.7	0.3	2.6	3	0	1.5
22	Andrew Wiggins	MIN	21	45	17	28	37.0	22.0	8.1	18.0	44.9	1.2	3.5	34.6	4.6	6.3	73.6	1.2	3.1	4.3	2.4	2.5	0.8	0.4	2.1	1	0	-0.2
23	Bradley Beal	WAS	23	41	24	17	34.4	21.9	7.6	16.6	45.5	2.7	7.1	38.6	4.0	4.9	81.6	0.6	2.2	2.9	3.6	2.0	1.0	0.3	2.2	0	0	4.3
24	Gordon Hayward	UTA	26	40	26	14	34.9	21.8	7.0	15.2	45.7	2.0	5.0	39.9	5.9	6.8	87.4	0.6	5.2	5.7	3.5	2.1	1.0	0.3	1.7	2	0	3.6
25	Klay Thompson	GSW	26	45	38	7	34.3	21.1	8.0	17.0	46.7	3.1	7.8	39.6	2.1	2.5	84.7	0.6	3.2	3.8	1.9	1.8	0.8	0.5	1.9	0	0	11.6
26	Blake Griffin	LAC	27	27	19	8	33.5	20.9	7.7	16.3	47.5	0.2	0.8	22.7	5.2	7.0	74.1	2.0	6.9	8.9	4.7	2.6	1.0	0.5	2.6	12	0	9.1
27	Eric Bledsoe	PHX	27	45	15	30	33.1	20.8	7.0	15.8	44.6	1.5	4.6	31.7	5.3	6.2	85.0	0.9	4.1	5.0	6.2	3.1	1.5	0.4	2.7	6	0	-3.3
28	Devin Booker	PHX	20	44	15	29	34.5	20.6	7.4	17.6	42.2	1.9	5.1	37.3	3.9	4.6	83.7	0.6	2.3	2.8	3.1	2.9	0.9	0.2	3.2	0	0	-2.5
29	Brook Lopez	BKN	28	41	9	32	29.2	20.6	7.2	15.4	46.9	1.9	5.3	35.5	4.2	5.0	85.2	1.5	3.6	5.1	2.7	2.4	0.5	1.6	2.5	2	0	-3.1
30	Marc Gasol	MEM	31	45	27	18	34.3	20.6	7.5	16.2	46.4	1.4	3.6	39.5	4.1	5.0	82.5	0.8	5.3	6.1	4.2	2.1	1.1	1.4	2.2	6	1	1.1
31	Jabari Parker	MIL	21	45	21	24	34.3	20.5	8.0	16.2	49.2	1.4	3.6	39.1	3.1	4.3	73.4	1.5	4.4	5.9	2.9	1.7	1.0	0.4	2.2	0	0	-0.6
32	Kevin Love	CLE	28	39	27	12	32.0	20.5	6.6	15.3	42.9	2.6	6.9	37.6	4.8	5.5	86.9	2.6	8.5	11.0	1.9	2.1	0.8	0.3	1.9	27	0	7.6
33	Harrison Barnes	DAL	24	45	16	29	35.8	20.2	8.1	17.2	47.3	1.0	3.0	33.8	2.9	3.4	85.6	1.3	4.0	5.3	1.4	1.3	0.9	0.3	1.6	1	0	-1.9
34	Joel Embiid	PHI	22	30	13	17	25.3	19.8	6.3	13.6	46.2	1.1	3.1	34.8	6.2	7.9	77.7	2.0	5.8	7.8	2.1	3.7	0.8	2.5	3.6	9	0	2.2
35	Goran Dragic	MIA	30	38	15	23	34.6	19.5	7.0	15.1	46.3	1.6	3.9	40.5	3.9	4.9	78.7	0.8	3.2	4.0	6.3	3.2	0.9	0.2	2.7	3	0	-2.9
36	Zach LaVine	MIN	21	42	14	28	37.1	19.2	7.1	15.3	46.3	2.7	6.7	40.2	2.4	2.8	84.7	0.4	3.0	3.4	3.0	1.9	0.8	0.2	2.2	0	0	-2.4
37	Dwyane Wade	CHI	35	42	20	22	30.6	19.1	7.1	16.6	42.8	0.9	2.7	31.9	4.0	5.1	79.3	1.2	3.1	4.2	3.7	2.2	1.6	0.7	1.9	1	0	-0.8
38	Kristaps Porzingis	NYK	21	40	18	22	33.4	18.8	6.9	15.3	44.8	2.0	5.1	38.4	3.1	3.9	80.0	1.7	5.5	7.2	1.4	1.8	0.8	1.9	3.8	8	0	-1.6
39	Rudy Gay	SAC	30	30	11	19	33.8	18.7	6.7	14.7	45.5	1.4	3.8	37.2	3.9	4.6	85.5	1.2	5.2	6.3	2.8	2.5	1.5	0.9	2.6	4	0	2.3
40	Mike Conley	MEM	29	35	19	16	32.5	18.6	6.1	14.2	43.2	2.3	5.6	40.1	4.1	4.7	86.1	0.6	3.2	3.8	6.2	2.3	1.3	0.4	1.8	4	0	1.2
41	Derrick Rose	NYK	28	42	19	23	32.3	18.0	7.3	16.0	45.5	0.3	1.2	25.0	3.2	3.7	86.4	1.2	2.7	3.9	4.5	2.5	0.7	0.4	1.5	2	0	-1.5
42	George Hill	UTA	30	23	17	6	31.5	18.0	6.3	13.0	48.3	2.0	4.7	41.7	3.5	4.3	80.0	0.5	3.1	3.7	4.1	1.6	1.0	0.3	2.5	0	0	7.7
43	Paul Millsap	ATL	31	43	27	16	34.0	18.0	6.4	14.4	44.4	1.2	3.6	33.5	3.9	5.2	75.0	1.7	6.4	8.1	3.8	2.3	1.5	1.0	2.6	12	0	3.9
44	Lou Williams	LAL	30	48	16	32	24.3	17.9	5.5	12.6	43.2	1.9	5.2	37.2	5.1	5.8	87.1	0.2	2.0	2.2	3.0	2.1	1.1	0.2	1.1	0	0	0.5
45	Avery Bradley	BOS	26	36	22	14	34.9	17.7	7.1	15.0	47.5	2.1	5.2	40.9	1.3	1.8	76.2	1.1	5.8	6.9	2.4	1.8	1.3	0.2	2.7	9	0	0.0
46	Dennis Schroder	ATL	23	46	27	19	30.6	17.6	6.8	14.5	46.9	1.3	3.5	37.3	2.7	3.3	83.3	0.5	2.4	2.9	6.3	3.0	0.8	0.2	1.8	6	0	-0.8
47	LaMarcus Aldridge	SAS	31	41	33	8	32.3	17.6	7.0	13.9	50.2	0.4	0.8	48.4	3.3	4.0	82.3	2.2	4.9	7.1	2.3	1.3	0.6	1.0	2.3	8	0	5.0
48	Chris Paul	LAC	31	36	27	9	30.9	17.5	5.8	12.3	47.1	1.9	4.9	39.5	3.9	4.5	87.6	0.7	4.6	5.3	9.7	2.4	2.3	0.1	2.4	16	1	10.0
49	Eric Gordon	HOU	28	46	33	13	30.6	17.4	6.0	14.2	42.1	3.6	9.2	39.2	1.8	2.2	85.0	0.3	2.4	2.7	2.8	1.8	0.6	0.5	2.0	0	0	4.9
50	Evan Fournier	ORL	24	36	14	22	33.0	17.0	6.1	13.7	44.3	1.7	4.8	35.8	3.2	3.8	82.6	0.6	2.5	3.1	3.3	2.1	1.0	0.1	2.7	0	0	-2.5
51	Reggie Jackson	DET	26	25	10	15	29.3	16.9	6.3	14.5	43.5	1.5	4.0	38.0	2.7	3.2	86.1	0.5	1.8	2.4	5.6	2.7	0.7	0.1	3.0	4	0	-3.6
52	Hassan Whiteside	MIA	27	42	15	27	33.3	16.9	7.1	13.0	54.8	0.0	0.0	0.0	2.7	4.8	55.2	3.7	10.2	13.9	0.7	2.0	0.8	2.0	3.1	29	0	-2.3
53	Danilo Gallinari	DEN	28	40	18	22	34.1	16.8	4.9	11.4	42.9	1.9	4.8	39.1	5.1	5.7	89.0	0.5	4.4	4.9	2.3	1.4	0.7	0.3	1.6	2	0	0.6
54	Tobias Harris	DET	24	46	21	25	32.9	16.7	6.5	13.4	48.4	1.4	4.2	34.6	2.3	2.6	89.0	0.5	4.6	5.2	1.8	1.3	0.7	0.5	1.7	3	0	-1.4
55	Victor Oladipo	OKC	24	37	22	15	33.8	16.2	6.3	13.8	45.6	2.1	5.6	37.8	1.5	2.1	68.4	0.6	3.6	4.2	2.6	1.6	1.1	0.3	2.2	1	0	2.8
56	Wilson Chandler	DEN	29	40	18	22	30.4	15.9	6.2	13.7	45.6	1.5	4.5	34.3	1.9	2.6	72.8	1.5	5.3	6.8	1.9	1.6	0.7	0.4	2.3	5	0	-1.7
57	Myles Turner	IND	20	43	22	21	30.1	15.7	5.9	11.1	53.2	0.7	1.6	40.6	3.2	4.0	80.7	1.5	6.0	7.6	1.0	1.4	0.7	2.3	3.3	9	0	1.4
58	JJ Redick	LAC	32	44	29	15	28.1	15.7	5.4	12.0	45.2	2.7	6.1	43.7	2.2	2.5	86.5	0.2	1.9	2.1	1.3	1.3	0.7	0.1	1.6	0	0	6.6
59	Jeff Teague	IND	28	44	22	22	32.2	15.5	5.0	11.3	44.7	0.9	2.8	32.8	4.5	5.3	84.7	0.5	3.6	4.1	8.0	2.9	1.5	0.5	2.3	9	0	-0.8
60	Al Horford	BOS	30	35	22	13	33.2	15.5	6.1	13.2	46.3	1.5	4.4	34.8	1.7	2.1	81.9	1.5	5.2	6.6	5.1	1.6	0.7	1.7	2.2	4	0	3.0
61	Serge Ibaka	ORL	27	46	18	28	30.3	15.2	6.2	12.6	48.9	1.5	3.9	39.3	1.4	1.7	81.8	1.8	5.2	7.0	1.0	1.2	0.6	1.6	2.5	6	0	-2.7
62	Nikola Jokic	DEN	21	40	18	22	25.8	15.2	6.1	10.3	59.5	0.5	1.6	33.3	2.5	3.0	81.7	2.7	5.7	8.4	3.9	1.9	0.8	0.8	3.1	17	0	2.7
63	Wesley Matthews	DAL	30	43	15	28	35.4	15.0	5.1	12.9	39.4	2.9	7.5	38.6	1.9	2.4	79.8	0.2	3.0	3.3	2.2	1.4	1.2	0.2	2.1	0	0	-4.0
64	Dion Waiters	MIA	25	26	11	15	30.2	14.9	5.8	14.2	41.1	1.5	4.0	37.9	1.7	2.7	64.3	0.4	2.9	3.3	3.9	2.1	0.8	0.4	2.4	0	0	-1.1
65	Nicolas Batum	CHA	28	43	22	21	34.6	14.8	4.9	12.5	39.6	1.6	4.9	32.5	3.3	3.9	84.6	0.7	6.6	7.3	5.9	2.5	1.1	0.4	1.6	11	1	2.7
66	Ersan Ilyasova	PHI	29	44	20	24	27.3	14.7	5.4	12.0	45.2	2.2	5.6	38.7	1.7	2.1	77.7	1.3	4.8	6.1	1.8	1.4	0.6	0.3	2.3	7	0	0.3
67	Enes Kanter	OKC	24	46	27	19	21.9	14.6	5.7	10.2	56.4	0.1	0.7	16.1	3.0	3.8	79.5	2.6	4.1	6.8	1.0	1.6	0.4	0.7	2.2	12	0	1.0
68	Kentavious Caldwell-Pope	DET	23	41	18	23	33.6	14.5	5.2	12.2	42.2	2.2	5.5	39.4	2.0	2.4	83.7	0.8	2.6	3.4	3.0	1.2	1.3	0.2	1.6	1	0	1.0
69	Jrue Holiday	NOP	26	31	16	15	30.8	14.5	5.5	12.6	43.3	1.5	3.8	39.0	2.1	2.9	71.1	0.5	2.9	3.5	7.2	2.6	1.5	0.5	2.5	5	0	-0.1
70	D'Angelo Russell	LAL	20	34	13	21	26.3	14.3	5.1	12.9	39.6	1.9	5.6	34.6	2.2	2.9	76.5	0.6	3.1	3.7	4.4	2.6	1.2	0.3	2.0	0	0	-2.8
71	Andre Drummond	DET	23	45	20	25	30.5	14.2	6.1	11.6	53.1	0.0	0.1	50.0	1.9	4.5	43.1	3.9	9.6	13.5	1.1	2.1	1.6	1.2	3.0	29	0	-3.2
72	Otto Porter	WAS	23	45	25	20	33.7	14.2	5.6	10.5	53.3	2.0	4.3	45.6	1.1	1.4	78.5	1.4	5.1	6.5	1.6	0.7	1.5	0.6	2.5	7	0	2.9
73	Tyler Johnson	MIA	24	40	13	27	31.0	14.2	5.1	11.8	43.1	1.4	3.6	37.9	2.6	3.5	74.5	0.6	3.7	4.3	3.2	1.0	1.2	0.7	2.4	0	0	-2.2
74	Sean Kilpatrick	BKN	27	44	8	36	26.8	14.1	4.7	11.3	41.5	1.6	4.5	34.5	3.2	3.8	83.7	0.3	4.0	4.3	2.5	2.4	0.8	0.1	2.0	3	0	-5.5
75	Bojan Bogdanovic	BKN	27	45	9	36	26.5	14.1	4.8	10.9	44.0	1.9	5.0	37.8	2.6	3.0	87.5	0.4	3.0	3.4	1.6	1.5	0.5	0.1	1.8	0	0	-5.9
76	Rodney Hood	UTA	24	37	25	12	29.3	14.0	5.2	12.5	41.8	2.1	5.7	35.8	1.5	2.0	74.7	0.3	3.4	3.6	2.0	1.2	0.6	0.2	2.3	0	0	4.6
77	Markieff Morris	WAS	27	44	24	20	31.9	13.9	5.3	11.8	44.7	0.8	2.5	33.0	2.6	3.2	81.3	1.4	5.2	6.6	1.9	1.9	1.1	0.6	3.3	5	0	2.3
78	Jeremy Lin	BKN	28	12	3	9	25.0	13.9	5.1	10.8	46.9	1.3	4.0	33.3	2.4	3.4	70.7	0.2	3.1	3.3	5.8	2.7	1.3	0.6	1.0	2	0	-4.3
79	Jordan Clarkson	LAL	24	48	16	32	27.4	13.9	5.5	12.3	45.1	1.3	3.8	34.2	1.5	1.9	78.3	0.7	2.1	2.8	2.1	1.9	1.3	0.1	1.8	0	0	-4.0
80	Ryan Anderson	HOU	28	46	32	14	30.4	13.8	4.6	10.8	42.8	2.7	6.7	40.7	1.9	2.1	89.6	1.6	3.3	5.0	0.9	0.9	0.5	0.2	2.0	1	0	5.6
81	Nikola Vucevic	ORL	26	44	17	27	28.1	13.8	6.2	13.1	47.3	0.3	0.9	27.5	1.1	1.8	63.3	2.2	7.5	9.8	2.8	1.6	0.9	1.0	2.3	19	0	-1.6
82	Marcus Morris	DET	27	45	21	24	32.6	13.7	5.2	12.7	41.2	1.6	4.7	33.5	1.7	2.1	81.9	0.9	3.5	4.4	2.0	1.1	0.8	0.3	2.1	3	0	0.3
83	Zach Randolph	MEM	35	40	23	17	23.8	13.7	5.9	13.2	44.6	0.4	1.3	27.5	1.6	2.2	72.4	2.4	5.9	8.2	1.8	1.2	0.5	0.2	2.0	11	0	1.9
84	Dwight Howard	ATL	31	41	23	18	29.4	13.7	5.3	8.4	63.4	0.0	0.0	0.0	3.1	5.4	56.5	4.4	8.5	12.8	1.3	2.1	0.9	1.3	2.9	29	0	0.2
85	Jae Crowder	BOS	26	37	24	13	32.3	13.7	4.8	9.8	48.8	2.3	5.4	41.8	1.9	2.1	89.9	0.5	4.7	5.2	2.2	1.1	1.0	0.3	2.3	2	0	4.3
86	Nick Young	LAL	31	41	15	26	26.4	13.7	4.7	10.5	44.5	2.9	6.9	41.6	1.4	1.7	85.5	0.5	1.7	2.2	1.0	0.6	0.6	0.3	2.3	0	0	-3.0
87	Deron Williams	DAL	32	37	14	23	30.1	13.5	5.1	11.7	43.3	1.6	4.6	35.1	1.8	2.2	81.7	0.4	2.3	2.7	7.1	2.4	0.5	0.1	2.4	3	0	-1.5
88	Will Barton	DEN	26	32	15	17	28.6	13.4	4.7	10.6	44.7	1.4	3.4	40.9	2.5	3.3	75.7	0.9	3.4	4.3	3.0	1.5	0.8	0.4	1.9	0	0	-2.4
89	TJ Warren	PHX	23	32	11	21	29.1	13.3	5.6	12.2	45.6	0.5	1.8	26.8	1.8	2.3	75.7	1.6	2.0	3.6	1.0	0.9	1.3	0.3	2.7	0	0	-2.7
90	Dirk Nowitzki	DAL	38	20	7	13	24.9	13.3	5.0	12.4	40.1	1.4	4.2	33.7	2.0	2.4	85.1	0.6	5.2	5.8	1.5	0.9	0.5	0.7	2.1	1	0	-3.7
91	Julius Randle	LAL	22	43	15	28	29.4	13.2	5.1	10.3	49.0	0.1	0.5	22.7	2.9	4.0	71.8	1.8	6.6	8.5	3.9	2.6	0.8	0.5	3.5	10	2	-4.2
92	Rudy Gobert	UTA	24	47	29	18	33.4	12.8	4.5	6.8	66.4	0.0	0.0	0.0	3.8	5.9	64.4	3.7	8.8	12.6	0.9	1.9	0.7	2.5	2.9	31	0	4.7
93	Gary Harris	DEN	22	20	9	11	27.0	12.7	4.8	10.0	48.2	1.3	3.3	37.9	1.8	2.5	72.0	0.8	2.2	3.0	2.9	1.0	0.8	0.2	1.7	0	0	1.2
94	Darren Collison	SAC	29	37	15	22	29.4	12.6	4.7	9.9	47.1	1.1	2.7	40.6	2.2	2.6	85.3	0.4	1.6	2.1	4.2	1.5	0.9	0.1	1.7	0	0	-1.1
95	DeAndre Jordan	LAC	28	47	30	17	32.0	12.5	4.9	7.1	69.0	0.0	0.0	0.0	2.7	5.3	51.4	3.7	10.3	14.0	1.1	1.6	0.6	1.8	2.7	21	0	4.9
96	Elfrid Payton	ORL	22	47	18	29	29.3	12.5	5.2	11.2	46.3	0.6	2.2	28.8	1.5	2.3	63.6	0.9	3.0	3.9	6.0	2.1	1.1	0.5	2.1	5	0	-2.4
97	Trevor Ariza	HOU	31	49	34	15	34.6	12.3	4.4	10.3	42.7	2.7	7.2	37.2	0.9	1.3	69.8	0.7	4.7	5.4	2.2	0.9	1.9	0.3	1.7	1	0	5.3
98	J.J. Barea	DAL	32	18	6	12	24.7	12.2	4.5	10.7	42.2	1.4	4.1	35.1	1.7	1.8	93.9	0.3	2.6	2.9	4.9	1.7	0.5	0.1	0.7	0	0	-0.8
99	Steven Adams	OKC	23	44	27	17	30.1	12.2	5.0	8.5	58.9	0.0	0.0	0.0	2.1	3.0	70.5	3.0	4.6	7.5	1.2	1.9	1.2	1.2	2.4	8	0	3.6
100	Emmanuel Mudiay	DEN	20	41	18	23	28.6	12.1	4.2	11.2	37.3	1.2	3.8	31.6	2.5	3.2	78.5	0.5	2.9	3.5	4.2	2.6	0.9	0.3	1.9	1	0	-3.0
101	Jamal Crawford	LAC	36	47	30	17	26.4	11.9	4.4	11.1	39.3	1.2	3.8	32.0	1.9	2.2	87.4	0.2	1.5	1.7	2.9	1.8	0.6	0.2	1.4	0	0	0.9
102	Austin Rivers	LAC	24	45	28	17	27.1	11.9	4.4	9.7	44.9	1.6	3.9	40.8	1.6	2.2	72.0	0.3	1.7	2.0	2.6	1.4	0.7	0.2	2.4	0	0	-0.8
103	Brandon Knight	PHX	25	42	13	29	21.9	11.9	4.0	10.2	39.5	0.9	2.6	34.9	2.9	3.4	85.8	0.5	1.9	2.4	2.4	1.7	0.6	0.0	1.8	0	0	-6.2
104	Jonas Valanciunas	TOR	24	44	27	17	27.1	11.8	4.7	8.9	53.1	0.0	0.0	0.0	2.4	2.8	86.3	3.2	7.0	10.1	0.7	1.5	0.5	0.8	2.9	17	0	1.9
105	Tim Hardaway Jr.	ATL	24	44	26	18	23.0	11.8	4.5	10.0	44.8	1.7	4.8	35.1	1.2	1.8	64.6	0.3	1.8	2.1	1.9	1.1	0.6	0.2	1.2	0	0	3.3
106	Pau Gasol	SAS	36	39	30	9	26.4	11.7	4.8	9.4	51.0	0.5	1.1	46.5	1.7	2.6	64.4	1.5	6.4	7.9	2.7	1.3	0.4	1.2	1.7	6	0	3.7
107	Thaddeus Young	IND	28	44	22	22	31.4	11.7	5.0	9.5	52.6	1.0	2.3	42.7	0.7	1.3	56.1	1.5	4.7	6.1	1.7	1.6	1.7	0.5	1.8	4	0	0.0
108	Aaron Gordon	ORL	21	47	18	29	27.8	11.6	4.5	10.3	43.8	1.1	3.6	30.4	1.4	2.3	61.8	1.3	3.4	4.7	2.0	1.1	0.8	0.4	2.1	2	0	-2.5
109	Taj Gibson	CHI	31	46	23	23	27.6	11.5	5.0	9.8	51.0	0.0	0.2	12.5	1.5	2.2	68.7	2.3	4.8	7.1	1.1	1.4	0.6	0.9	2.3	11	0	-0.6
110	Clint Capela	HOU	22	34	23	11	23.1	11.5	5.2	8.4	62.3	0.0	0.0	0.0	1.1	2.4	45.7	2.4	5.2	7.6	0.9	1.2	0.4	1.5	2.6	7	0	0.2
111	Tony Parker	SAS	34	32	25	7	25.8	11.5	4.9	10.2	47.9	0.5	1.2	40.5	1.3	1.6	76.9	0.3	1.7	2.0	4.8	1.4	0.4	0.0	1.6	0	0	4.3
112	James Johnson	MIA	29	41	16	25	25.8	11.3	4.2	8.8	47.8	1.2	3.4	36.2	1.7	2.4	70.1	0.9	4.0	4.9	3.0	2.1	0.8	0.9	2.8	2	0	-2.0
113	Marcin Gortat	WAS	32	45	25	20	34.8	11.3	5.0	8.6	58.4	0.0	0.0	0.0	1.3	2.1	63.4	3.1	8.3	11.4	1.6	1.7	0.5	1.0	3.0	24	0	2.8
114	Terrence Jones	NOP	25	44	17	27	24.5	11.3	4.5	9.4	47.6	0.4	1.5	26.2	2.0	3.3	59.9	1.3	4.7	6.0	1.2	1.0	0.8	1.2	1.3	6	0	-0.6
115	Josh Richardson	MIA	23	28	7	21	31.3	11.2	4.4	11.1	39.4	1.6	5.1	31.3	0.9	1.2	73.5	0.5	2.8	3.3	2.8	1.5	1.0	0.5	2.6	0	0	-2.6
116	Jahlil Okafor	PHI	21	31	8	23	23.0	11.2	4.7	9.0	52.7	0.0	0.0	0.0	1.7	2.8	60.9	1.6	3.3	4.8	1.0	1.5	0.4	1.1	2.5	1	0	-6.3
117	Wayne Ellington	MIA	29	26	10	16	27.3	11.2	4.1	9.9	41.2	2.2	6.4	33.5	0.9	1.0	88.5	0.2	1.8	2.0	1.4	0.3	0.8	0.1	1.2	0	0	-1.9
118	Greg Monroe	MIL	26	44	21	23	21.3	11.1	4.4	8.6	51.6	0.0	0.0	0.0	2.3	3.1	72.8	2.1	4.8	6.9	2.2	1.7	1.2	0.4	1.7	10	0	2.1
119	Maurice Harkless	POR	23	44	19	25	29.8	11.0	4.4	9.1	48.5	1.1	3.3	34.7	1.0	1.5	68.8	1.6	3.1	4.7	1.0	1.3	1.1	0.9	2.9	2	0	-0.5
120	Jerryd Bayless	PHI	28	3	1	2	23.8	11.0	3.7	10.7	34.4	0.7	1.7	40.0	3.0	3.3	90.0	1.0	3.0	4.0	4.3	3.0	0.0	0.0	1.3	0	0	-7.0
121	Jon Leuer	DET	27	40	19	21	26.7	11.0	4.4	8.6	51.3	0.9	2.5	34.3	1.3	1.5	89.7	1.4	4.6	6.0	1.8	0.9	0.5	0.4	2.0	2	0	1.9
122	Justise Winslow	MIA	20	18	4	14	34.7	10.9	4.4	12.6	35.4	0.4	1.9	20.0	1.6	2.6	61.7	1.3	3.9	5.2	3.7	1.8	1.4	0.3	2.9	1	0	-0.3
123	Mason Plumlee	POR	26	46	19	27	27.8	10.9	4.3	8.1	53.4	0.0	0.1	0.0	2.2	4.0	55.1	2.0	5.6	7.7	4.3	1.6	0.9	1.2	2.7	10	0	-0.4
124	Cody Zeller	CHA	24	38	22	16	26.9	10.9	4.2	7.2	59.0	0.0	0.0	0.0	2.4	3.5	68.9	2.3	4.2	6.6	1.4	1.2	0.7	1.1	3.2	3	0	4.7
125	Seth Curry	DAL	26	41	15	26	26.9	10.8	4.1	8.9	46.6	1.7	4.1	41.9	0.9	1.1	76.6	0.4	1.9	2.3	2.5	1.2	1.2	0.1	1.8	0	0	-0.5
126	Marvin Williams	CHA	30	40	19	21	27.1	10.8	3.9	9.6	40.5	1.8	4.8	36.6	1.3	1.6	82.8	1.0	4.5	5.5	1.3	0.7	0.7	0.5	1.5	2	0	1.8
127	Gorgui Dieng	MIN	27	45	17	28	32.1	10.8	4.6	8.6	53.5	0.1	0.4	31.6	1.5	2.0	76.7	2.3	5.1	7.4	2.0	1.5	1.0	1.2	3.3	6	0	0.8
128	Robert Covington	PHI	26	41	17	24	30.5	10.8	3.7	9.9	37.2	1.8	5.9	30.5	1.6	2.0	80.5	1.4	4.5	5.9	1.6	2.0	1.7	0.9	3.0	5	0	-2.3
129	Marco Belinelli	CHA	30	41	21	20	24.6	10.8	3.7	8.4	43.6	1.6	3.9	40.3	1.9	2.1	87.5	0.2	2.4	2.6	1.9	0.9	0.7	0.1	1.3	1	0	0.1
130	Kent Bazemore	ATL	27	44	25	19	27.1	10.8	4.0	10.3	38.7	1.2	3.7	31.7	1.6	2.3	71.0	0.6	2.6	3.2	2.7	1.6	1.3	0.6	2.3	0	0	-1.4
131	Draymond Green	GSW	26	44	37	7	33.4	10.7	3.8	8.6	44.8	1.1	3.3	32.2	1.9	2.9	66.7	1.6	6.9	8.5	7.5	2.3	1.9	1.4	3.0	13	3	11.0
132	CJ Miles	IND	29	38	19	19	22.0	10.6	3.7	8.6	42.4	2.0	5.0	40.5	1.2	1.4	85.5	0.4	2.5	2.9	0.6	0.5	0.7	0.4	1.9	0	0	1.0
133	Terrence Ross	TOR	25	45	27	18	22.4	10.6	4.0	9.0	44.4	1.8	4.7	37.1	0.9	1.0	86.7	0.2	2.1	2.4	0.7	0.5	1.0	0.4	1.4	0	0	3.1
134	Patty Mills	SAS	28	44	36	8	22.1	10.4	3.7	8.0	46.5	1.9	4.3	43.7	1.0	1.2	85.2	0.3	1.5	1.8	3.4	1.4	0.9	0.0	1.4	0	0	6.1
135	Allen Crabbe	POR	24	46	19	27	28.8	10.4	3.7	8.1	45.4	1.5	3.6	42.7	1.5	1.8	85.2	0.3	2.6	2.9	1.4	0.8	0.6	0.2	2.0	0	0	-3.8
136	Tyreke Evans	NOP	27	18	9	9	17.4	10.3	3.7	9.1	40.5	1.0	3.1	32.7	1.9	2.3	85.4	0.3	3.1	3.3	4.0	1.4	0.9	0.2	1.6	0	0	-1.9
137	Marreese Speights	LAC	29	47	30	17	16.5	10.2	3.4	7.4	46.0	1.4	3.5	40.4	2.0	2.3	86.9	1.2	3.6	4.8	0.8	0.8	0.3	0.5	3.0	3	0	1.1
138	Frank Kaminsky	CHA	23	44	21	23	24.2	10.0	3.7	9.5	38.8	1.3	4.0	30.9	1.4	1.8	75.9	0.9	3.5	4.3	2.0	1.0	0.7	0.4	1.5	0	0	0.2
139	Courtney Lee	NYK	31	42	18	24	30.8	10.0	3.8	8.4	45.2	1.4	3.3	42.9	0.9	1.0	88.6	0.7	2.3	3.0	1.9	0.7	0.8	0.3	1.8	0	0	-2.1
140	Marcus Smart	BOS	22	42	25	17	30.7	9.9	3.3	9.3	35.9	1.2	4.0	29.6	2.1	2.6	78.4	1.0	2.9	3.9	4.4	2.0	1.5	0.4	2.3	1	0	2.1
141	Doug McDermott	CHI	25	34	17	17	25.3	9.9	3.7	8.5	43.3	1.2	3.4	35.9	1.3	1.4	89.8	0.4	2.9	3.2	1.1	0.7	0.3	0.1	1.3	1	0	1.7
142	Trevor Booker	BKN	29	41	8	33	26.9	9.9	4.2	8.0	51.8	0.3	1.1	29.8	1.2	1.7	67.6	2.1	6.6	8.7	2.3	1.8	1.4	0.5	2.1	12	0	-7.4
143	E'Twaun Moore	NOP	27	42	17	25	24.8	9.8	4.0	8.7	45.8	1.1	2.9	39.0	0.7	1.0	77.5	0.5	1.7	2.3	2.3	1.0	0.6	0.5	1.9	0	0	-1.0
144	DeMarre Carroll	TOR	30	41	25	16	26.1	9.8	3.4	8.2	41.4	1.7	4.7	36.1	1.3	1.7	79.4	0.9	2.8	3.7	0.8	0.6	1.2	0.4	2.0	1	0	2.0
145	Tony Allen	MEM	35	40	22	18	28.2	9.8	4.1	8.7	47.4	0.2	0.7	26.9	1.4	2.2	64.0	2.5	3.2	5.7	1.3	1.6	1.8	0.5	2.7	5	0	-0.5
146	Dario Saric	PHI	22	44	17	27	23.9	9.7	3.5	9.3	37.5	1.3	3.7	34.1	1.5	1.9	79.5	1.3	4.6	5.9	1.6	1.9	0.5	0.3	1.6	4	0	-3.6
147	Gerald Henderson	PHI	29	40	15	25	24.4	9.7	3.6	7.8	45.7	0.9	2.3	40.2	1.6	1.9	83.1	0.4	2.2	2.6	1.7	0.9	0.5	0.2	1.8	0	0	-3.8
148	Lance Stephenson	NOP	26	6	0	6	27.1	9.7	4.3	9.2	47.3	0.2	1.7	10.0	0.8	1.3	62.5	0.5	2.5	3.0	4.8	1.8	0.3	0.2	3.0	0	0	-1.7
149	Jeff Green	ORL	30	46	18	28	23.9	9.6	3.3	8.4	38.7	0.9	3.1	29.1	2.2	2.6	85.7	0.6	2.5	3.0	1.2	1.2	0.5	0.2	1.4	1	0	-3.2
150	Montrezl Harrell	HOU	23	40	29	11	19.3	9.6	4.1	6.3	65.6	0.0	0.1	33.3	1.4	2.2	63.2	1.4	2.4	3.8	1.2	0.9	0.4	0.8	2.0	2	0	3.7
151	Troy Daniels	MEM	25	33	17	16	19.1	9.5	3.2	8.2	38.6	2.2	5.6	39.2	1.0	1.2	84.2	0.3	1.2	1.4	0.8	0.6	0.4	0.1	1.6	0	0	2.5
152	Kenneth Faried	DEN	27	40	19	21	22.1	9.5	3.7	6.5	55.9	0.0	0.1	0.0	2.2	3.2	68.8	3.0	4.8	7.8	0.9	1.0	0.7	0.8	2.1	6	0	-1.8
153	Patrick Beverley	HOU	28	35	25	10	30.9	9.4	3.6	8.1	44.3	1.7	4.2	39.7	0.6	0.8	78.6	1.5	4.4	5.9	4.4	1.4	1.6	0.5	3.3	3	0	4.7
154	Langston Galloway	NOP	25	45	17	28	21.6	9.4	3.3	8.8	37.5	2.0	5.2	37.8	0.8	1.0	77.8	0.4	2.0	2.4	1.3	0.6	0.8	0.1	1.5	0	0	-1.0
155	Evan Turner	POR	28	43	19	24	25.8	9.3	3.7	8.5	43.1	0.5	1.8	28.9	1.5	1.7	86.5	0.6	3.4	4.0	3.3	1.6	0.9	0.4	1.8	2	0	-5.2
156	Derrick Favors	UTA	25	32	21	11	23.4	9.3	3.8	8.3	45.9	0.1	0.2	33.3	1.6	2.6	62.7	1.6	4.4	6.0	1.0	1.3	0.8	0.9	2.2	3	0	1.2
157	Tim Frazier	NOP	26	36	13	23	26.4	9.3	3.3	7.8	43.0	0.8	2.2	36.3	1.8	2.3	80.5	0.5	2.6	3.1	6.3	2.1	1.0	0.2	2.4	7	1	-1.9
158	Kyle Korver	CLE	35	40	18	22	27.4	9.3	3.3	7.5	43.9	2.1	5.0	41.2	0.6	0.7	88.9	0.1	2.8	2.9	2.0	1.1	0.7	0.4	1.5	0	0	-4.1
159	Malcolm Brogdon	MIL	24	45	21	24	25.2	9.2	3.5	7.9	43.7	1.0	2.4	42.6	1.3	1.5	86.6	0.6	2.2	2.8	4.2	1.5	1.1	0.1	1.9	1	1	1.5
160	Jeremy Lamb	CHA	24	28	14	14	17.8	9.2	3.4	7.7	44.2	0.5	2.3	23.4	1.9	2.3	82.8	0.5	4.3	4.8	1.2	0.6	0.4	0.4	1.4	1	0	-0.6
161	Michael Kidd-Gilchrist	CHA	23	45	23	22	29.8	9.2	3.6	7.9	45.4	0.0	0.2	14.3	2.0	2.7	75.8	2.2	5.4	7.5	1.3	0.8	0.8	1.0	2.1	9	0	1.8
162	Nikola Mirotic	CHI	25	41	21	20	22.9	9.2	3.1	8.3	38.1	1.5	5.0	30.4	1.4	1.8	77.0	0.8	4.5	5.3	0.8	1.1	0.7	0.8	1.9	4	0	2.0
163	Robin Lopez	CHI	28	47	23	24	28.3	9.2	4.2	8.7	48.3	0.0	0.0	0.0	0.8	1.2	65.5	3.4	3.6	6.9	0.8	1.0	0.2	1.7	1.9	5	0	-0.5
164	Channing Frye	CLE	33	37	24	13	18.6	9.1	3.1	7.2	43.8	2.0	4.5	43.5	0.9	1.0	86.8	0.5	2.7	3.2	0.6	0.7	0.5	0.4	2.0	1	0	-0.8
165	Cory Joseph	TOR	25	45	27	18	22.8	9.1	3.6	7.9	45.6	0.5	1.3	38.3	1.4	1.8	80.0	0.6	2.2	2.8	2.8	1.0	0.8	0.1	1.7	0	0	0.2
166	Rodney Stuckey	IND	30	17	8	9	20.3	9.1	3.1	6.9	44.1	0.5	1.5	30.8	2.5	3.4	73.7	0.2	2.5	2.7	2.1	1.6	0.4	0.0	1.5	0	0	-2.6
167	JaMychal Green	MEM	26	45	26	19	29.4	9.0	3.3	6.9	47.3	0.8	2.0	38.2	1.7	2.2	76.5	2.2	5.3	7.5	1.2	1.2	0.8	0.6	3.6	6	0	-0.9
168	Jodie Meeks	ORL	29	24	10	14	21.7	8.9	2.9	7.0	41.7	1.5	3.7	40.4	1.6	1.8	90.5	0.1	2.1	2.3	1.5	1.0	1.2	0.1	1.2	0	0	-2.2
169	Tyson Chandler	PHX	34	36	12	24	28.5	8.9	3.5	5.2	67.9	0.0	0.0	0.0	1.8	2.6	69.9	3.7	8.6	12.3	0.6	1.5	0.6	0.5	2.8	10	0	-0.9
170	Ty Lawson	SAC	29	43	17	26	24.7	8.9	3.1	7.4	42.6	0.5	1.8	27.8	2.1	2.6	80.2	0.7	2.0	2.7	4.3	1.7	1.1	0.1	1.5	0	0	-1.7
171	Michael Beasley	MIL	28	37	16	21	16.5	8.8	3.5	6.9	51.4	0.3	0.7	48.0	1.4	1.8	76.1	0.7	2.8	3.6	1.1	1.2	0.5	0.4	1.7	1	0	-0.3
172	Buddy Hield	NOP	23	46	18	28	20.2	8.8	3.3	8.5	38.9	1.6	4.3	37.2	0.6	0.6	89.7	0.3	2.5	2.8	1.3	0.9	0.3	0.1	1.3	0	0	-3.6
173	Jameer Nelson	DEN	34	44	19	25	25.0	8.7	3.5	7.8	44.6	1.3	3.3	37.4	0.5	0.8	70.6	0.4	1.7	2.0	4.5	1.9	0.7	0.1	2.8	1	0	0.6
174	Al Jefferson	IND	32	44	22	22	15.1	8.7	3.7	7.5	49.4	0.0	0.0	0.0	1.2	1.5	77.9	1.3	3.0	4.3	0.8	0.5	0.3	0.3	1.9	1	0	-1.8
175	JR Smith	CLE	31	21	16	5	28.9	8.6	3.0	8.8	33.7	2.4	6.6	36.2	0.3	0.4	77.8	0.4	1.8	2.1	1.2	0.7	1.2	0.4	2.2	0	0	5.2
176	D.J. Augustin	ORL	29	46	18	28	20.3	8.6	2.8	7.2	39.4	1.4	4.0	36.3	1.5	1.8	86.4	0.1	1.3	1.4	3.2	1.1	0.4	0.0	1.4	0	0	-3.4
177	Jusuf Nurkic	DEN	22	39	17	22	18.5	8.6	3.6	6.9	52.8	0.0	0.0	0.0	1.3	2.6	50.0	2.0	4.0	6.1	1.3	1.9	0.6	0.8	2.0	4	0	-3.2
178	Monta Ellis	IND	31	36	19	17	28.3	8.6	3.2	7.3	43.7	0.5	1.7	29.5	1.7	2.1	83.8	0.2	2.7	2.9	3.3	2.0	1.1	0.4	2.0	0	0	-1.1
179	Joe Harris	BKN	25	40	9	31	22.6	8.6	3.1	7.2	43.3	1.6	4.4	36.2	0.7	1.0	74.4	0.3	2.7	3.0	1.2	1.1	0.6	0.1	2.3	0	0	-5.5
180	Sergio Rodriguez	PHI	30	39	14	25	25.0	8.5	3.4	8.6	39.2	1.4	4.1	34.6	0.3	0.4	75.0	0.4	2.4	2.8	5.7	2.3	0.9	0.1	1.4	1	0	-3.0
181	Nik Stauskas	PHI	23	42	16	26	26.1	8.5	2.8	6.9	41.2	1.5	4.0	37.5	1.3	1.6	80.9	0.2	2.3	2.5	2.0	1.5	0.5	0.5	1.8	0	0	-1.6
182	Shabazz Muhammad	MIN	24	41	15	26	18.8	8.4	3.0	6.5	46.4	0.7	1.7	42.6	1.7	2.1	78.4	0.9	1.9	2.8	0.4	0.8	0.2	0.1	1.1	0	0	-0.1
183	Kelly Olynyk	BOS	25	39	24	15	20.8	8.4	3.1	6.5	47.8	1.0	2.8	36.4	1.1	1.5	73.3	0.8	3.5	4.3	2.0	1.3	0.7	0.4	2.5	0	0	0.5
184	Brandon Ingram	LAL	19	48	16	32	28.2	8.3	2.9	7.9	36.9	0.7	2.3	29.7	1.8	2.7	67.2	0.7	3.4	4.1	2.0	1.3	0.5	0.4	1.9	0	0	-3.8
185	Nerlens Noel	PHI	22	18	10	8	17.0	8.2	3.3	5.6	59.4	0.0	0.0	0.0	1.5	2.0	75.0	1.7	3.2	4.9	0.7	0.9	1.1	0.8	2.1	1	0	-4.1
186	Luol Deng	LAL	31	44	15	29	27.4	8.2	3.2	8.0	39.6	1.0	3.0	33.1	0.8	1.2	68.5	1.3	4.4	5.7	1.5	0.8	1.0	0.3	1.1	5	0	-3.7
187	Vince Carter	MEM	40	40	21	19	23.9	8.2	2.7	6.9	39.4	1.5	4.2	34.9	1.2	1.7	71.0	0.5	2.8	3.3	1.7	0.6	0.8	0.5	2.2	0	0	1.7
188	Tony Snell	MIL	25	44	21	23	29.0	8.1	3.0	6.7	45.1	1.7	4.5	37.1	0.5	0.6	77.8	0.3	3.1	3.4	1.3	0.6	0.5	0.2	1.6	1	0	-0.6
189	Rondae Hollis-Jefferson	BKN	22	41	8	33	21.6	8.1	2.7	6.5	40.7	0.2	0.9	21.6	2.6	3.3	76.6	0.7	4.0	4.7	2.0	1.5	1.0	0.5	2.3	1	0	-4.2
190	Joe Johnson	UTA	35	46	28	18	22.1	8.1	3.1	7.3	42.7	1.1	2.9	37.6	0.7	0.9	82.5	0.4	2.6	2.9	1.6	0.8	0.4	0.2	1.2	0	0	1.6
191	Manu Ginobili	SAS	39	38	30	8	19.2	8.0	2.6	6.8	37.6	1.4	3.5	39.4	1.6	1.8	86.8	0.4	2.1	2.5	2.5	1.4	1.2	0.3	1.7	0	0	4.3
192	Brandon Jennings	NYK	27	47	20	27	23.3	8.0	2.7	7.0	38.4	1.1	3.3	32.3	1.6	2.0	77.9	0.4	2.2	2.6	4.7	2.0	0.8	0.1	1.3	1	0	-1.9
193	Jared Dudley	PHX	31	30	9	21	22.7	8.0	2.9	5.8	49.1	1.5	3.3	44.0	0.8	1.2	62.2	0.5	3.0	3.5	1.7	1.3	0.7	0.2	2.6	0	0	-1.5
194	Trey Lyles	UTA	21	47	29	18	19.3	8.0	2.9	7.4	39.5	1.2	3.5	33.3	1.0	1.4	70.3	0.8	3.0	3.9	1.2	1.1	0.5	0.4	1.4	1	0	0.4
195	Ish Smith	DET	28	45	21	24	24.1	8.0	3.4	8.3	41.3	0.3	1.3	23.7	0.8	1.2	69.2	0.3	2.4	2.6	5.0	1.4	0.8	0.3	1.7	1	0	0.2
196	Jamal Murray	DEN	19	44	19	25	19.6	8.0	2.8	7.6	37.5	1.2	3.8	31.3	1.1	1.3	82.8	0.6	2.0	2.6	1.8	1.3	0.5	0.3	1.5	0	0	0.9
197	Garrett Temple	SAC	30	45	18	27	26.5	7.9	2.8	6.4	44.8	1.2	3.3	37.2	1.0	1.2	81.8	0.6	2.2	2.8	2.2	1.0	1.2	0.5	2.2	0	0	-0.7
198	Shelvin Mack	UTA	26	42	25	17	22.5	7.9	3.2	7.2	44.4	0.7	2.3	31.6	0.8	1.2	66.7	0.4	1.8	2.2	2.9	1.9	0.8	0.0	1.8	0	0	0.3
199	Iman Shumpert	CLE	26	43	29	14	24.9	7.9	2.7	6.1	44.9	1.4	3.4	41.4	1.0	1.3	78.2	0.6	2.3	2.8	1.7	1.1	1.0	0.3	1.9	0	0	0.1
200	Ricky Rubio	MIN	26	39	14	25	31.7	7.9	2.3	6.2	37.5	0.6	2.3	25.0	2.7	3.1	87.5	1.1	2.8	3.9	8.0	2.2	1.8	0.1	2.5	7	0	-0.8
201	Nene	HOU	34	42	29	13	17.0	7.9	3.0	5.0	60.3	0.1	0.1	50.0	1.8	3.1	58.1	1.2	2.5	3.7	0.9	1.2	0.8	0.6	2.3	0	0	4.0
202	Alex Len	PHX	23	43	14	29	20.7	7.8	2.9	5.7	50.8	0.0	0.1	0.0	2.0	2.7	73.7	2.0	4.8	6.7	0.5	1.3	0.4	1.4	3.0	7	0	-4.7
203	James Ennis III	MEM	26	33	18	15	26.1	7.8	2.6	5.9	44.6	0.9	2.4	38.8	1.6	2.1	77.9	1.4	3.1	4.5	1.1	1.0	0.8	0.3	3.0	1	0	1.1
204	Timofey Mozgov	LAL	30	47	15	32	21.1	7.7	3.3	6.4	51.7	0.0	0.0	0.0	1.1	1.4	79.4	2.0	2.9	4.9	0.8	1.3	0.3	0.5	2.4	1	0	-4.3
205	Thabo Sefolosha	ATL	32	43	26	17	26.1	7.7	3.1	6.7	46.0	0.6	1.8	33.3	1.0	1.3	76.4	0.8	3.6	4.4	1.6	0.9	1.7	0.5	1.5	0	0	0.3
206	Matthew Dellavedova	MIL	26	40	18	22	26.7	7.7	2.8	7.2	38.8	1.0	2.9	34.2	1.1	1.3	82.7	0.4	1.9	2.2	5.3	1.8	0.8	0.0	2.0	0	0	-1.6
207	Arron Afflalo	SAC	31	38	15	23	24.3	7.6	2.7	6.4	43.0	0.9	2.4	40.0	1.2	1.3	92.0	0.2	1.7	1.9	1.1	0.6	0.4	0.1	1.7	0	0	-3.1
208	Mike Muscala	ATL	25	40	23	17	20.5	7.6	3.0	5.9	50.9	0.8	1.8	43.7	0.9	1.1	77.3	1.3	2.4	3.7	1.4	0.9	0.6	0.6	1.7	0	0	-1.6
209	Danny Green	SAS	29	37	30	7	26.4	7.5	2.6	6.3	42.2	1.9	4.6	40.9	0.3	0.4	78.6	0.3	2.7	3.0	1.9	1.0	0.9	0.7	1.8	0	0	5.6
210	Sam Dekker	HOU	22	49	34	15	19.6	7.5	3.0	6.3	47.3	0.9	2.8	32.6	0.6	1.0	57.1	1.5	2.6	4.1	1.1	0.6	0.6	0.3	1.1	0	0	1.1
211	Raymond Felton	LAC	32	45	29	16	21.9	7.5	3.1	7.0	44.3	0.7	2.0	35.2	0.5	0.7	77.4	0.4	2.2	2.6	2.5	1.0	0.8	0.4	1.8	0	0	-1.2
212	Al-Farouq Aminu	POR	26	28	12	16	28.1	7.4	2.6	7.4	35.6	0.9	3.3	26.1	1.3	1.8	70.0	1.2	5.9	7.1	2.1	1.4	1.0	0.6	1.8	2	0	0.5
213	Michael Carter-Williams	CHI	25	18	11	7	21.8	7.4	2.7	7.8	35.0	0.4	1.8	21.9	1.6	1.9	80.0	0.8	3.8	4.6	2.4	1.8	0.9	0.4	2.6	0	0	-2.3
214	Justin Holiday	NYK	27	47	20	27	19.1	7.3	2.6	6.1	43.0	1.1	3.0	36.9	1.0	1.1	86.5	0.4	2.4	2.9	1.0	0.8	0.8	0.3	1.5	0	0	0.2
215	Dwight Powell	DAL	25	45	16	29	19.4	7.3	2.8	5.2	53.6	0.1	0.4	22.2	1.6	2.0	78.0	1.5	3.2	4.7	0.8	0.4	1.0	0.6	2.0	1	0	-1.6
216	Spencer Hawes	CHA	28	31	15	16	17.2	7.2	3.0	6.2	48.2	0.5	1.6	32.7	0.7	0.8	84.6	0.8	3.3	4.1	1.8	1.2	0.4	0.7	1.7	3	0	-2.6
217	Marquese Chriss	PHX	19	45	15	30	18.0	7.2	2.8	6.5	42.5	0.7	2.3	31.4	1.0	1.6	63.4	1.1	2.3	3.4	0.6	1.2	0.6	0.5	3.0	1	0	-4.0
218	Matt Barnes	SAC	36	42	16	26	24.4	7.2	2.6	6.9	37.5	1.2	3.8	32.3	0.9	1.2	70.6	1.0	3.8	4.8	2.7	1.5	0.6	0.3	2.5	1	0	-3.2
219	Richaun Holmes	PHI	23	24	7	17	15.9	7.2	3.0	5.5	53.4	0.3	0.9	36.4	0.9	1.4	66.7	1.4	2.9	4.3	0.8	0.9	0.6	0.8	2.1	0	0	-2.6
220	Patrick Patterson	TOR	27	35	22	13	27.8	7.1	2.5	6.6	37.1	1.6	4.4	36.1	0.6	0.9	66.7	1.2	4.2	5.4	1.5	0.7	0.8	0.3	2.3	1	0	7.4
221	Tristan Thompson	CLE	25	44	30	14	29.0	7.1	2.8	5.0	56.3	0.0	0.1	0.0	1.5	3.0	48.1	3.6	6.0	9.6	0.8	0.8	0.5	1.2	2.4	10	0	3.8
222	Caris LeVert	BKN	22	24	4	20	18.8	7.1	2.5	5.5	45.8	1.0	3.2	32.5	1.1	1.5	74.3	0.3	2.2	2.5	2.0	0.8	0.8	0.1	1.3	0	0	-0.9
223	Mirza Teletovic	MIL	31	37	17	20	17.2	7.1	2.4	6.4	37.7	1.7	4.8	35.2	0.6	0.7	77.8	0.2	2.3	2.5	0.8	0.7	0.2	0.2	1.7	0	0	1.0
224	David Lee	SAS	33	44	35	9	18.0	7.0	3.0	5.1	58.9	0.0	0.0	0.0	1.0	1.3	74.1	1.7	3.7	5.3	1.6	0.9	0.4	0.4	1.5	3	0	4.6
225	Justin Anderson	DAL	23	41	13	28	15.2	6.9	2.3	5.8	39.7	0.8	2.5	30.4	1.5	2.0	78.8	0.9	2.3	3.1	0.7	0.9	0.6	0.4	1.4	0	0	-3.0
226	Isaiah Whitehead	BKN	21	37	7	30	22.3	6.9	2.6	6.8	39.2	0.6	1.9	31.4	1.0	1.3	77.1	0.3	2.3	2.5	2.8	2.1	0.6	0.6	2.7	1	0	-2.2
227	Larry Nance Jr.	LAL	24	29	11	18	22.0	6.9	3.1	5.2	58.9	0.1	0.4	16.7	0.7	0.9	70.4	1.5	3.8	5.3	1.3	0.8	1.1	0.7	2.4	2	0	-0.8
228	John Henson	MIL	26	41	19	22	20.1	6.7	2.7	5.4	49.8	0.0	0.0	0.0	1.4	1.9	70.9	1.5	3.8	5.3	1.2	1.0	0.5	1.3	2.5	0	0	-1.1
229	Justin Hamilton	BKN	26	39	8	31	19.8	6.7	2.6	6.1	43.5	1.0	3.2	30.2	0.5	0.6	72.0	1.2	3.3	4.5	0.9	0.8	0.5	0.7	1.5	1	0	-5.3
230	Andre Roberson	OKC	25	46	27	19	30.9	6.7	2.7	6.2	43.8	0.7	2.7	26.6	0.6	1.5	41.2	1.0	3.7	4.7	1.1	0.7	1.2	1.0	2.3	0	0	2.1
231	Andrew Harrison	MEM	22	44	25	19	24.0	6.7	1.8	5.9	30.5	0.6	2.5	24.1	2.5	3.2	77.3	0.4	1.8	2.3	3.3	1.4	0.9	0.4	3.2	0	0	-0.3
232	Darrell Arthur	DEN	28	20	7	13	15.4	6.7	2.5	5.0	50.0	1.4	2.7	50.9	0.3	0.3	100	0.5	2.0	2.5	1.1	1.0	0.4	0.5	2.1	0	0	-0.2
233	Ian Clark	GSW	25	42	35	7	14.0	6.6	2.5	5.2	48.9	0.9	2.2	40.7	0.7	0.9	73.7	0.3	1.1	1.4	1.1	0.6	0.5	0.1	1.0	0	0	1.0
234	Marcus Thornton	WAS	29	33	15	18	17.4	6.6	2.5	6.4	40.0	0.8	2.4	35.0	0.7	0.8	85.2	0.7	1.6	2.3	1.2	0.8	0.6	0.1	1.5	0	0	-4.5
235	Chandler Parsons	MEM	28	19	11	8	18.1	6.6	2.5	6.9	36.6	0.7	3.0	24.6	0.8	1.0	84.2	0.2	1.7	1.9	1.4	0.5	0.7	0.1	1.3	0	0	-1.0
236	Anthony Tolliver	SAC	31	33	14	19	21.7	6.5	2.2	5.0	43.3	1.2	3.3	37.0	1.0	1.2	89.5	0.9	2.5	3.4	0.9	0.6	0.5	0.2	1.7	1	0	-2.5
237	PJ Tucker	PHX	31	45	15	30	27.9	6.5	2.4	5.8	41.0	0.7	2.2	30.0	1.1	1.5	75.8	1.5	4.3	5.8	1.2	0.9	1.4	0.3	2.3	1	0	-2.5
238	Norman Powell	TOR	23	42	26	16	15.7	6.5	2.3	5.3	43.9	0.7	1.9	35.0	1.2	1.6	74.6	0.2	1.5	1.7	0.9	0.6	0.7	0.2	1.5	0	0	1.7
239	Luc Mbah a Moute	LAC	30	45	28	17	23.5	6.5	2.4	5.0	49.1	0.6	1.6	39.4	1.0	1.4	71.0	0.8	1.8	2.5	0.4	0.7	1.1	0.6	1.6	0	0	4.0
240	Rajon Rondo	CHI	30	38	18	20	27.3	6.4	2.8	7.7	36.4	0.5	1.7	30.2	0.4	0.7	53.8	0.9	4.5	5.5	6.5	2.4	1.3	0.2	2.1	5	1	0.0
241	Reggie Bullock	DET	25	9	4	5	19.9	6.4	2.7	5.9	45.3	0.9	3.0	29.6	0.2	0.4	50.0	0.7	1.9	2.6	1.2	0.7	0.4	0.3	1.3	0	0	-3.1
242	Kelly Oubre Jr.	WAS	21	43	23	20	19.9	6.4	2.3	5.4	43.3	0.8	2.5	32.7	0.9	1.2	76.9	0.7	2.8	3.5	0.7	0.7	0.7	0.2	2.4	1	0	-1.3
243	Ramon Sessions	CHA	30	46	23	23	16.4	6.4	2.1	5.5	38.5	0.4	1.3	33.3	1.8	2.3	75.9	0.2	1.3	1.5	2.7	0.9	0.5	0.1	0.9	0	0	-1.5
244	Joe Ingles	UTA	29	47	29	18	21.0	6.4	2.3	4.8	47.1	1.3	2.9	44.8	0.6	0.8	78.4	0.2	2.4	2.6	2.3	1.0	1.1	0.1	1.9	0	0	0.3
245	Dante Cunningham	NOP	29	33	15	18	25.4	6.3	2.5	5.9	42.1	1.2	3.1	38.2	0.2	0.3	54.5	0.8	3.5	4.4	0.6	0.5	0.6	0.6	1.8	0	0	-0.7
246	Beno Udrih	DET	34	27	13	14	15.4	6.3	2.5	5.5	45.9	0.4	1.0	35.7	0.9	1.0	92.3	0.2	1.2	1.4	3.3	0.9	0.3	0.0	0.7	0	0	1.7
247	Jonathon Simmons	SAS	27	44	35	9	18.1	6.3	2.3	5.2	44.1	0.4	1.3	32.7	1.3	1.8	75.6	0.3	1.9	2.1	1.8	1.0	0.6	0.4	1.9	0	0	4.2
248	Bismack Biyombo	ORL	24	46	18	28	24.5	6.3	2.3	4.5	52.2	0.0	0.0	0.0	1.6	3.2	49.0	2.1	5.6	7.7	1.0	1.3	0.3	1.3	2.3	7	0	-3.8
249	Jonathan Gibson	DAL	29	17	4	13	13.6	6.2	2.1	5.6	36.8	0.9	2.6	33.3	1.2	1.7	72.4	0.1	1.2	1.3	1.5	1.2	0.5	0.0	1.2	0	0	-4.9
250	Kosta Koufos	SAC	27	45	18	27	19.3	6.2	2.8	4.8	58.5	0.0	0.0	0.0	0.5	0.9	58.5	1.7	3.8	5.5	0.6	0.9	0.5	0.6	2.2	1	0	-1.1
251	Amir Johnson	BOS	29	44	26	18	19.9	6.2	2.5	4.6	53.7	0.3	0.8	35.3	1.0	1.4	69.4	1.7	2.9	4.5	1.8	0.9	0.6	0.7	2.7	0	0	0.9
252	Derrick Williams	MIA	25	24	4	20	15.4	6.1	2.2	5.6	39.3	0.4	1.8	20.5	1.3	2.1	62.0	0.7	2.3	3.0	0.6	0.5	0.4	0.2	1.3	0	0	-1.1
253	Jerami Grant	OKC	22	45	24	21	21.6	6.0	2.1	4.5	46.6	0.6	1.4	39.1	1.2	2.1	60.2	0.3	2.2	2.6	0.5	0.6	0.4	1.2	2.0	0	0	-3.0
254	Domantas Sabonis	OKC	20	46	27	19	21.2	6.0	2.5	5.8	42.0	0.8	2.2	35.0	0.3	0.5	66.7	0.5	3.0	3.5	1.2	1.0	0.5	0.4	2.5	1	0	-0.3
255	Malcolm Delaney	ATL	27	46	27	19	17.4	6.0	2.3	5.6	41.0	0.4	1.5	27.5	1.0	1.3	81.0	0.2	1.6	1.8	2.9	1.5	0.5	0.0	1.5	0	0	2.0
256	Glenn Robinson	IND	23	42	21	21	22.6	6.0	2.3	5.4	42.2	0.7	1.9	34.6	0.8	1.1	70.8	0.9	2.8	3.7	0.8	0.7	0.5	0.4	1.0	3	0	-0.9
257	Jordan Farmar	SAC	30	2	1	1	17.7	6.0	2.0	6.0	33.3	2.0	4.5	44.4	0.0	0.0	0.0	0.5	1.0	1.5	4.5	1.5	1.0	0.0	0.5	0	0	-0.5
258	Kyle O'Quinn	NYK	26	45	19	26	14.8	6.0	2.7	5.0	54.2	0.0	0.2	0.0	0.6	0.8	68.4	2.0	3.5	5.5	1.2	0.9	0.4	1.2	2.1	5	0	-0.9
259	Solomon Hill	NOP	25	44	18	26	27.5	6.0	2.0	5.3	38.1	0.9	2.7	32.8	1.1	1.4	81.7	0.5	3.3	3.7	1.8	0.9	0.8	0.5	2.3	0	0	-0.8
260	Dante Exum	UTA	21	33	20	13	19.5	5.9	2.2	5.5	40.7	0.7	2.5	27.2	0.8	0.9	83.9	0.5	1.5	1.9	1.7	1.0	0.3	0.2	2.4	0	0	-2.1
261	Nemanja Bjelica	MIN	28	43	17	26	17.0	5.9	2.1	5.2	40.8	0.9	2.9	29.8	0.8	1.0	81.4	0.6	2.6	3.2	1.1	0.9	0.6	0.2	2.2	0	0	-1.2
262	Mindaugas Kuzminskas	NYK	27	40	16	24	13.6	5.9	2.2	4.9	44.6	0.9	2.5	35.7	0.7	0.8	81.8	0.6	1.1	1.7	0.9	0.7	0.5	0.2	1.2	0	0	-0.5
263	Tarik Black	LAL	25	36	15	21	15.6	5.9	2.2	4.3	51.3	0.0	0.0	0.0	1.5	2.0	76.1	2.2	3.0	5.2	0.6	0.7	0.3	0.5	2.6	1	0	-0.2
264	Omri Casspi	SAC	28	22	9	13	18.0	5.9	2.4	5.3	45.3	0.5	1.3	37.9	0.5	1.0	57.1	0.9	3.2	4.1	1.2	0.8	0.5	0.0	1.0	0	0	-0.4
265	Toney Douglas	MEM	30	6	5	1	17.8	5.8	2.3	6.0	38.9	0.5	1.8	27.3	0.7	0.8	80.0	0.3	2.3	2.7	2.7	0.8	1.0	0.2	1.5	0	0	2.2
266	Alec Burks	UTA	25	11	7	4	11.2	5.8	2.0	4.1	48.9	0.3	1.2	23.1	1.5	2.4	65.4	0.3	1.3	1.5	0.5	0.4	0.4	0.2	1.3	0	0	1.9
267	Willy Hernangomez	NYK	22	39	17	22	13.9	5.8	2.4	4.5	54.6	0.1	0.3	30.0	0.8	1.2	73.3	1.6	3.6	5.2	0.8	1.2	0.3	0.5	1.4	2	0	0.8
268	Andre Iguodala	GSW	32	44	39	5	25.3	5.8	2.3	4.8	47.8	0.7	2.1	34.4	0.5	0.8	62.9	0.7	3.1	3.8	3.3	0.7	0.9	0.4	1.3	0	0	6.7
269	Spencer Dinwiddie	BKN	23	22	2	20	20.5	5.8	2.0	4.5	44.0	0.4	1.1	33.3	1.4	1.8	77.5	0.4	2.3	2.6	2.7	1.4	0.5	0.5	2.3	0	0	-3.1
270	Zaza Pachulia	GSW	32	42	36	6	18.8	5.8	2.2	4.1	52.3	0.0	0.0	0.0	1.4	1.9	76.9	2.1	3.9	6.0	2.0	1.3	0.9	0.4	2.3	2	0	6.9
271	Terry Rozier	BOS	22	40	23	17	18.0	5.8	2.2	5.7	37.9	0.7	2.2	32.6	0.7	1.0	72.5	0.5	2.6	3.1	1.7	0.6	0.7	0.2	1.1	0	0	0.1
272	Meyers Leonard	POR	24	40	16	24	16.0	5.7	2.0	5.5	37.2	1.1	3.1	35.5	0.6	0.6	95.8	0.4	2.8	3.2	0.8	0.6	0.1	0.4	2.2	1	0	-1.0
273	Isaiah Canaan	CHI	25	28	13	15	18.5	5.7	2.0	5.4	37.5	0.8	3.0	26.5	0.9	1.0	88.9	0.2	1.4	1.6	1.1	0.7	0.7	0.0	1.2	0	0	-2.5
274	Devin Harris	DAL	33	29	13	16	15.7	5.7	1.7	4.6	37.6	0.9	2.6	32.9	1.4	1.6	87.0	0.2	1.6	1.9	1.5	0.7	0.4	0.1	1.2	0	0	-0.9
275	Brandon Bass	LAC	31	31	18	13	12.2	5.6	2.1	3.6	58.4	0.0	0.1	50.0	1.4	1.5	91.3	0.8	1.7	2.5	0.5	0.7	0.2	0.2	1.0	0	0	-2.5
276	Alex Abrines	OKC	23	39	21	18	14.3	5.6	1.8	4.6	39.7	1.2	3.3	37.8	0.8	0.9	85.7	0.3	0.9	1.2	0.5	0.6	0.5	0.1	1.6	0	0	-1.1
277	Aaron Brooks	IND	32	40	21	19	14.7	5.6	2.2	5.1	42.4	0.8	2.2	35.2	0.6	0.7	78.6	0.3	0.8	1.1	2.4	1.2	0.6	0.2	1.5	0	0	0.1
278	Rodney McGruder	MIA	25	42	15	27	25.6	5.6	2.1	5.4	38.2	0.8	2.6	31.5	0.7	1.0	63.6	1.3	2.1	3.4	1.5	0.6	0.6	0.2	2.0	0	0	-2.1
279	Hollis Thompson	PHI	25	31	9	22	18.1	5.5	2.1	5.1	41.5	0.8	2.3	36.6	0.4	0.6	65.0	0.5	2.2	2.7	0.8	0.3	0.5	0.2	1.8	0	0	-2.9
280	JaVale McGee	GSW	29	41	34	7	8.2	5.5	2.5	3.7	67.3	0.0	0.1	0.0	0.6	1.3	44.4	0.9	1.7	2.5	0.2	0.6	0.2	0.6	1.2	0	0	2.5
281	Anthony Morrow	OKC	31	31	17	14	15.2	5.5	2.1	5.2	40.6	0.8	2.7	29.8	0.5	0.6	83.3	0.2	0.4	0.6	0.5	0.2	0.5	0.1	1.0	0	0	-1.1
282	Leandro Barbosa	PHX	34	42	13	29	12.7	5.5	2.3	5.1	45.8	0.5	1.2	43.1	0.3	0.3	85.7	0.2	1.2	1.4	1.2	0.5	0.5	0.1	1.0	0	0	-1.2
283	Donatas Motiejunas	NOP	26	9	4	5	14.0	5.4	1.9	4.1	45.9	0.8	1.8	43.8	0.9	1.7	53.3	0.6	2.2	2.8	1.3	0.9	0.7	0.4	1.7	0	0	-1.1
284	Luis Scola	BKN	36	32	7	25	12.6	5.4	2.2	4.4	48.9	0.5	1.3	35.7	0.7	1.0	67.7	1.5	2.3	3.8	0.9	0.9	0.3	0.1	1.6	1	0	-2.8
285	Yogi Ferrell	BKN	23	10	1	9	15.1	5.4	1.8	4.9	36.7	0.8	2.7	29.6	1.0	1.6	62.5	0.4	0.8	1.2	1.7	1.4	0.2	0.2	1.1	0	0	-4.4
286	Joakim Noah	NYK	31	41	15	26	22.6	5.3	2.3	4.7	49.2	0.0	0.0	0.0	0.8	1.8	41.9	3.6	5.5	9.1	2.3	1.3	0.6	0.8	2.8	5	0	-3.2
287	Chasson Randle	PHI	23	3	1	2	8.0	5.3	1.7	2.7	62.5	1.3	2.0	66.7	0.7	0.7	100	0.0	0.7	0.7	0.3	0.3	0.7	0.0	1.7	0	0	-2.0
288	Roy Hibbert	CHA	30	39	19	20	16.1	5.3	1.9	3.5	54.4	0.0	0.0	0.0	1.5	1.9	80.8	1.3	2.3	3.6	0.5	0.8	0.2	1.1	2.4	1	0	-0.2
289	Troy Williams	MEM	22	24	15	9	17.4	5.3	2.1	5.1	41.8	0.4	1.7	24.4	0.6	1.0	60.0	0.3	1.6	1.8	0.8	1.1	1.0	0.4	1.8	0	0	-2.7
290	Gerald Green	BOS	31	25	17	8	10.8	5.3	1.9	4.8	38.8	0.8	2.4	35.0	0.7	0.8	85.0	0.4	1.6	2.0	0.9	0.5	0.2	0.2	1.0	0	0	-0.9
291	Shaun Livingston	GSW	31	44	37	7	17.5	5.3	2.4	4.2	57.0	0.0	0.0	0.0	0.5	0.8	57.1	0.5	1.6	2.0	1.8	0.9	0.5	0.2	1.6	0	0	1.4
292	Willie Reed	MIA	26	37	15	22	14.0	5.3	2.2	3.9	57.6	0.0	0.1	0.0	0.8	1.4	54.7	1.8	3.0	4.9	0.4	0.4	0.2	0.8	1.7	3	0	0.3
293	Ben McLemore	SAC	23	33	15	18	15.0	5.2	2.0	5.1	39.9	0.5	1.9	28.6	0.6	0.8	75.0	0.2	1.0	1.2	0.6	0.8	0.4	0.1	1.2	0	0	-2.0
294	TJ McConnell	PHI	24	43	16	27	23.3	5.2	2.3	5.1	43.9	0.2	0.6	25.9	0.6	0.7	75.0	0.4	2.4	2.9	5.9	1.7	1.4	0.1	1.7	1	0	-2.1
295	Boris Diaw	UTA	34	38	23	15	18.7	5.2	2.2	4.7	47.5	0.4	1.3	31.3	0.3	0.4	81.3	0.6	1.5	2.1	2.3	1.3	0.2	0.1	1.3	0	0	2.2
296	Jerian Grant	CHI	24	36	15	21	15.0	5.2	1.8	4.6	38.2	0.6	1.8	31.3	1.1	1.2	95.2	0.2	1.3	1.5	1.5	0.7	0.8	0.1	1.6	0	0	0.2
297	Randy Foye	BKN	33	32	6	26	18.0	5.1	1.7	4.8	35.1	1.0	3.1	33.7	0.7	0.9	78.6	0.1	2.1	2.2	2.2	1.3	0.4	0.2	1.4	0	0	-2.6
298	Lucas Nogueira	TOR	24	37	22	15	21.2	5.1	2.1	3.1	68.1	0.1	0.2	42.9	0.8	1.3	63.3	1.8	3.2	5.0	0.9	0.8	1.0	1.8	2.6	0	0	5.3
299	Joffrey Lauvergne	OKC	25	39	25	14	13.8	5.1	1.9	4.5	43.2	0.5	1.6	32.8	0.7	1.1	60.5	0.9	2.5	3.4	0.9	0.6	0.4	0.1	1.4	0	0	-2.1
300	Quincy Acy	BKN	26	14	1	13	9.5	5.1	1.6	3.4	48.9	0.7	1.5	47.6	1.1	1.3	83.3	0.6	1.4	2.0	0.1	0.4	0.2	0.2	1.4	0	0	-1.0
301	Richard Jefferson	CLE	36	43	30	13	19.3	5.1	1.7	4.3	40.0	0.7	2.3	29.6	1.0	1.3	73.2	0.3	2.0	2.3	1.0	0.7	0.3	0.1	1.8	1	0	1.8
302	Archie Goodwin	NOP	22	3	1	2	9.9	5.0	0.7	1.7	40.0	0.3	0.7	50.0	3.3	3.3	100	0.0	0.0	0.0	0.3	0.0	0.0	0.3	0.3	0	0	-0.7
303	Anthony Bennett	BKN	23	23	3	20	11.5	5.0	1.7	4.0	41.3	0.6	2.1	27.1	1.1	1.6	72.2	1.1	2.3	3.4	0.5	0.5	0.2	0.1	0.8	0	0	-3.0
304	Cameron Payne	OKC	22	9	6	3	16.1	5.0	2.1	6.1	34.5	0.6	2.8	20.0	0.2	0.2	100	0.1	1.4	1.6	1.9	0.6	0.3	0.1	2.3	0	0	0.6
305	Reggie Williams	NOP	30	5	1	4	12.7	5.0	1.4	4.0	35.0	1.0	2.0	50.0	1.2	1.4	85.7	0.4	0.8	1.2	0.8	0.0	0.6	0.0	0.4	0	0	-1.4
306	Dewayne Dedmon	SAS	27	39	30	9	16.0	4.9	2.0	3.4	59.5	0.0	0.0	0.0	0.9	1.3	70.6	1.5	4.2	5.7	0.5	0.6	0.6	0.8	2.4	1	0	3.3
307	Mike Dunleavy	ATL	36	31	24	7	16.1	4.9	1.7	4.1	40.9	1.0	2.5	39.5	0.6	0.8	75.0	0.3	1.8	2.1	0.9	0.6	0.3	0.1	1.4	0	0	0.2
308	Jaylen Brown	BOS	20	44	26	18	13.5	4.9	1.9	4.3	43.5	0.3	1.1	29.8	0.8	1.1	70.0	0.5	1.6	2.1	0.6	0.7	0.3	0.3	1.5	0	0	-1.3
309	Josh McRoberts	MIA	29	22	6	16	17.3	4.9	2.0	5.4	37.3	0.6	1.4	41.9	0.3	0.4	66.7	1.0	2.3	3.4	2.3	1.0	0.5	0.2	1.4	0	0	-3.3
310	Trey Burke	WAS	24	41	23	18	12.1	4.8	2.0	4.3	46.6	0.5	1.1	45.5	0.3	0.5	70.0	0.2	0.6	0.7	1.6	0.8	0.2	0.1	1.0	0	0	-2.9
311	Adreian Payne	MIN	25	10	3	7	8.8	4.8	1.7	3.8	44.7	0.2	1.0	20.0	1.2	1.5	80.0	0.6	1.2	1.8	0.4	0.7	0.4	0.4	1.9	0	0	-1.9
312	Lance Thomas	NYK	28	30	10	20	17.6	4.8	1.8	4.7	37.9	0.7	1.6	42.9	0.6	0.7	85.0	0.5	1.4	1.9	0.5	0.5	0.5	0.1	1.7	0	0	-4.2
313	Kris Humphries	ATL	31	37	23	14	11.6	4.8	1.6	3.8	42.9	0.3	0.9	34.3	1.2	1.5	83.3	1.1	2.4	3.5	0.5	0.5	0.3	0.4	1.2	0	0	-0.6
314	Dorian Finney-Smith	DAL	23	44	16	28	21.4	4.8	1.7	4.1	41.3	0.8	2.5	33.6	0.6	0.7	80.6	0.7	2.1	2.7	0.9	0.6	0.6	0.3	1.8	0	0	0.0
315	Jason Smith	WAS	30	43	24	19	12.7	4.8	2.1	4.0	52.3	0.2	0.3	50.0	0.4	0.6	75.0	0.9	2.0	2.9	0.4	0.8	0.3	0.6	2.4	0	0	-1.7
316	Kay Felder	CLE	21	25	15	10	10.1	4.8	1.7	4.3	39.8	0.2	0.6	26.7	1.2	1.6	70.7	0.1	1.0	1.1	1.6	0.5	0.4	0.1	1.1	0	0	-1.0
317	Jordan McRae	CLE	25	28	19	9	10.4	4.7	1.7	4.4	37.9	0.4	1.4	31.6	0.9	1.1	80.6	0.1	1.1	1.2	0.6	0.4	0.3	0.2	0.9	0	0	-1.5
318	Jonas Jerebko	BOS	29	44	27	17	16.8	4.6	1.8	3.7	48.8	0.7	1.7	38.2	0.3	0.4	77.8	0.9	2.5	3.3	0.8	0.6	0.5	0.2	1.7	0	0	0.0
319	Cristiano Felicio	CHI	24	39	19	20	14.8	4.6	1.8	3.2	55.6	0.0	0.0	0.0	1.0	1.5	68.4	2.3	2.7	5.0	0.6	0.5	0.4	0.2	1.7	3	0	-0.6
320	Cheick Diallo	NOP	20	9	4	5	10.4	4.6	1.9	4.3	43.6	0.0	0.0	0.0	0.8	1.1	70.0	1.3	2.2	3.6	0.3	0.2	0.3	0.3	1.0	1	0	-2.0
321	Willie Cauley-Stein	SAC	23	38	15	23	11.6	4.5	2.0	3.6	55.1	0.0	0.0	0.0	0.6	1.1	53.7	0.9	1.4	2.4	0.3	0.5	0.4	0.4	1.8	0	0	-2.7
322	Pascal Siakam	TOR	22	40	27	13	17.5	4.5	2.0	4.1	50.0	0.0	0.1	0.0	0.5	0.6	75.0	1.3	2.2	3.5	0.4	0.7	0.5	0.9	2.2	0	0	-1.5
323	Luke Babbitt	MIA	27	37	14	23	16.0	4.5	1.6	4.4	36.4	1.0	2.9	35.8	0.2	0.4	69.2	0.2	2.0	2.2	0.4	0.3	0.3	0.2	1.5	0	0	-0.7
324	Dejounte Murray	SAS	20	24	20	4	9.0	4.4	1.7	3.5	47.6	0.3	0.7	50.0	0.8	1.0	72.0	0.2	1.0	1.1	1.3	1.0	0.2	0.1	0.8	0	0	0.5
325	Aron Baynes	DET	30	44	20	24	15.2	4.4	1.6	3.3	49.0	0.0	0.0	0.0	1.2	1.3	87.9	1.0	2.7	3.7	0.3	0.8	0.3	0.4	2.3	0	0	1.6
326	Alexis Ajinca	NOP	28	21	6	15	14.1	4.3	1.9	4.1	46.5	0.0	0.1	0.0	0.5	0.7	71.4	1.0	3.3	4.3	0.3	0.8	0.4	0.7	1.7	0	0	-3.8
327	Bobby Portis	CHI	21	30	12	18	12.1	4.2	1.8	3.7	47.7	0.3	0.9	38.5	0.4	0.7	55.0	1.2	2.2	3.4	0.5	0.6	0.2	0.1	1.4	0	0	-0.8
328	Corey Brewer	HOU	30	49	34	15	15.8	4.2	1.6	4.0	40.7	0.4	1.7	23.2	0.6	0.8	71.1	0.4	1.6	2.0	1.0	0.7	0.6	0.2	1.8	0	0	2.5
329	David West	GSW	36	42	36	6	11.5	4.1	1.7	3.2	54.5	0.0	0.1	50.0	0.6	0.8	74.3	0.6	2.1	2.7	2.1	1.0	0.7	0.5	1.4	0	0	2.2
330	Tyler Zeller	BOS	27	27	15	12	12.1	4.1	1.8	3.8	46.6	0.0	0.0	0.0	0.6	0.9	62.5	1.1	1.9	2.9	0.9	0.4	0.2	0.6	1.3	1	0	0.7
331	Rashad Vaughn	MIL	20	19	7	12	10.5	4.1	1.6	4.0	39.5	0.9	2.4	37.8	0.0	0.0	0.0	0.0	0.9	0.9	0.3	0.2	0.4	0.2	0.6	0	0	-0.8
332	Ed Davis	POR	27	41	17	24	17.0	4.0	1.5	2.9	51.3	0.0	0.0	0.0	1.1	1.6	67.7	2.0	3.2	5.2	0.5	0.8	0.3	0.5	3.0	2	0	-1.7
333	Stanley Johnson	DET	20	42	19	23	16.3	4.0	1.5	3.8	40.4	0.5	1.5	32.8	0.5	0.7	63.3	0.4	1.7	2.1	1.3	0.7	0.7	0.4	1.5	0	0	-2.0
334	Jared Sullinger	TOR	24	5	0	5	14.0	4.0	1.6	6.2	25.8	0.4	2.2	18.2	0.4	0.6	66.7	0.6	2.0	2.6	0.0	0.4	0.8	0.4	2.4	0	0	-5.0
335	Kris Dunn	MIN	22	45	17	28	17.0	3.9	1.5	4.1	36.8	0.3	0.9	28.6	0.6	1.1	60.4	0.4	1.9	2.3	2.5	1.4	1.0	0.4	2.2	0	0	-1.4
336	Kevin Seraphin	IND	27	27	12	15	10.3	3.9	1.9	3.6	53.1	0.0	0.0	0.0	0.1	0.2	66.7	1.0	2.2	3.2	0.6	0.5	0.1	0.3	1.1	0	0	-1.9
337	Jarell Martin	MEM	22	40	23	17	13.4	3.9	1.4	3.6	37.5	0.2	0.7	34.6	1.0	1.2	79.2	0.9	3.0	3.9	0.2	0.7	0.4	0.2	2.3	1	0	-1.3
338	Boban Marjanovic	DET	28	21	11	10	7.0	3.9	1.4	3.1	46.2	0.0	0.0	0.0	1.0	1.3	77.8	1.2	2.0	3.2	0.1	0.2	0.1	0.4	0.5	2	0	0.1
339	Thomas Robinson	LAL	25	34	10	24	11.0	3.9	1.7	3.3	52.3	0.0	0.0	0.0	0.4	1.0	42.9	1.7	2.7	4.4	0.7	0.7	0.5	0.3	1.6	0	0	-3.2
340	Jose Calderon	LAL	35	21	6	15	12.3	3.8	1.5	3.4	45.1	0.6	1.6	36.4	0.2	0.2	100	0.4	1.4	1.8	2.2	1.1	0.3	0.0	0.9	0	0	-6.0
341	Malachi Richardson	SAC	21	10	3	7	7.5	3.8	1.3	2.6	50.0	0.4	1.3	30.8	0.8	1.1	72.7	0.1	0.9	1.0	0.5	0.1	0.3	0.0	0.5	0	0	-0.2
342	Okaro White	MIA	24	4	4	0	16.4	3.8	1.3	2.5	50.0	0.5	1.3	40.0	0.8	0.8	100	0.3	2.8	3.0	0.3	0.8	0.5	1.0	1.8	0	0	2.5
343	Paul Pierce	LAC	39	12	7	5	12.3	3.8	1.2	3.3	35.9	0.8	2.2	34.6	0.7	0.8	80.0	0.0	1.5	1.5	0.2	0.7	0.3	0.3	2.1	0	0	0.3
344	Davis Bertans	SAS	24	37	32	5	10.1	3.7	1.2	2.5	46.8	0.8	2.0	40.5	0.5	0.6	83.3	0.2	0.9	1.1	0.7	0.4	0.2	0.4	1.1	0	0	2.0
345	Pierre Jackson	DAL	25	7	4	3	10.2	3.7	1.3	4.4	29.0	0.3	1.4	20.0	0.9	1.0	85.7	0.0	1.0	1.0	2.1	0.4	0.3	0.0	0.6	0	0	6.9
346	Anthony Brown	ORL	24	10	3	7	14.7	3.6	1.5	4.3	34.9	0.6	2.4	25.0	0.0	0.0	0.0	0.8	2.1	2.9	0.6	0.5	0.5	0.1	1.4	0	0	-0.5
347	Ivica Zubac	LAL	19	13	3	10	10.1	3.5	1.5	3.4	45.5	0.0	0.0	0.0	0.5	0.6	75.0	0.9	1.8	2.8	0.4	0.5	0.3	0.5	1.0	1	0	-3.5
348	Wade Baldwin IV	MEM	20	23	14	9	13.2	3.5	1.1	3.6	31.3	0.1	0.8	11.1	1.2	1.4	84.4	0.3	1.1	1.4	2.1	1.3	0.5	0.3	1.2	0	0	-3.9
349	Taurean Prince	ATL	22	26	14	12	10.4	3.5	1.2	3.2	37.8	0.3	1.2	29.0	0.8	0.8	90.9	0.2	1.7	1.9	0.7	0.7	0.3	0.3	1.1	0	0	-0.7
350	Shabazz Napier	POR	25	29	11	18	7.7	3.4	1.1	3.0	37.9	0.6	1.8	32.1	0.6	0.8	73.9	0.1	0.7	0.8	0.9	0.7	0.6	0.0	0.6	0	0	0.4
351	Tyus Jones	MIN	20	25	9	16	10.9	3.4	1.1	2.6	42.4	0.5	1.1	46.4	0.7	0.8	85.0	0.2	0.8	1.1	2.1	0.6	0.6	0.0	0.7	0	0	1.7
352	Darrun Hilliard	DET	23	26	13	13	11.1	3.4	1.2	3.7	32.6	0.3	1.3	25.7	0.7	0.9	70.8	0.1	1.0	1.0	0.9	0.8	0.3	0.0	1.2	0	0	-0.3
353	Mario Hezonja	ORL	21	34	11	23	9.5	3.4	1.3	3.7	34.1	0.5	1.8	30.0	0.3	0.4	73.3	0.3	1.2	1.5	0.5	0.8	0.3	0.1	0.8	0	0	-2.4
354	Ron Baker	NYK	23	21	6	15	11.3	3.4	1.2	3.3	37.7	0.5	1.5	31.3	0.4	0.6	75.0	0.2	1.5	1.7	1.1	0.8	0.6	0.1	1.0	0	0	1.0
355	Denzel Valentine	CHI	23	27	13	14	11.9	3.3	1.1	3.6	32.0	0.8	2.5	31.3	0.3	0.3	87.5	0.1	1.6	1.6	0.6	0.6	0.5	0.1	1.0	0	0	-0.7
356	Noah Vonleh	POR	21	38	16	22	12.1	3.3	1.3	3.1	41.0	0.2	0.5	35.0	0.6	1.0	62.2	1.2	2.5	3.6	0.2	0.7	0.4	0.4	1.5	0	0	-3.1
357	Juan Hernangomez	DEN	21	30	13	17	10.6	3.3	1.1	2.4	45.1	0.4	1.1	37.5	0.8	1.2	65.7	0.6	1.8	2.3	0.4	0.3	0.3	0.3	0.9	0	0	-1.1
358	Jason Terry	MIL	39	39	18	21	17.0	3.3	1.1	2.9	38.3	0.8	2.1	38.6	0.2	0.3	80.0	0.2	1.0	1.2	1.3	0.4	0.5	0.2	1.2	0	0	1.2
359	Nicolas Laprovittola	SAS	26	18	15	3	9.7	3.3	1.1	2.6	42.6	0.6	1.5	37.0	0.5	0.5	100	0.1	0.5	0.6	1.6	1.1	0.2	0.1	1.1	0	0	-2.4
360	Wesley Johnson	LAC	29	40	24	16	13.9	3.2	1.2	3.4	36.0	0.5	2.0	26.6	0.3	0.4	66.7	0.6	3.0	3.5	0.5	0.3	0.5	0.6	1.6	0	0	-0.2
361	Semaj Christon	OKC	24	36	21	15	15.4	3.2	1.4	4.0	34.5	0.2	1.1	17.9	0.3	0.5	47.4	0.3	1.1	1.4	2.5	0.7	0.4	0.1	1.3	0	0	-2.9
362	Sheldon McClellan	WAS	24	21	11	10	11.1	3.2	1.0	2.9	36.7	0.2	1.1	20.8	0.9	1.0	85.7	0.2	1.0	1.2	0.7	0.1	0.4	0.0	0.7	0	0	-1.8
363	Alan Anderson	LAC	34	17	10	7	11.4	3.2	1.1	3.2	34.5	0.5	1.6	32.1	0.4	0.6	70.0	0.2	0.8	0.9	0.5	0.3	0.1	0.0	1.3	0	0	-2.0
364	Tomas Satoransky	WAS	25	29	15	14	14.7	3.2	1.2	3.0	41.4	0.1	0.8	17.4	0.6	0.8	72.7	0.6	1.3	1.9	2.1	0.9	0.6	0.0	1.2	1	0	1.0
365	Timothe Luwawu-Cabarrot	PHI	21	31	12	19	10.3	3.2	1.0	2.5	39.0	0.3	0.8	33.3	1.0	1.3	75.0	0.2	1.1	1.3	0.6	0.6	0.3	0.1	1.5	0	0	-1.4
366	Dragan Bender	PHX	19	37	11	26	12.6	3.1	1.2	3.2	37.3	0.7	2.1	32.1	0.1	0.2	37.5	0.4	1.7	2.1	0.4	0.7	0.2	0.5	1.6	1	0	0.0
367	Brandon Rush	MIN	31	16	4	12	13.8	3.1	1.1	2.9	39.1	0.8	1.8	44.8	0.1	0.1	50.0	0.4	1.0	1.4	0.7	0.4	0.4	0.5	0.4	0	0	0.4
368	Tyler Ulis	PHX	21	30	7	23	9.0	3.0	1.3	3.3	38.0	0.1	0.4	33.3	0.4	0.5	78.6	0.2	0.5	0.7	1.1	0.7	0.6	0.0	0.8	0	0	0.1
369	CJ Watson	ORL	32	35	12	23	14.1	3.0	1.0	3.2	31.0	0.4	1.5	28.8	0.6	0.8	75.0	0.2	1.1	1.4	1.6	0.6	0.5	0.0	0.9	0	0	-1.4
370	Andrew Bogut	DAL	32	23	7	16	23.4	3.0	1.4	3.1	45.8	0.0	0.0	0.0	0.1	0.5	27.3	2.2	6.7	8.9	2.0	1.7	0.5	1.0	3.2	0	0	-0.8
371	Skal Labissiere	SAC	20	5	0	5	6.7	3.0	1.2	1.8	66.7	0.0	0.0	0.0	0.6	1.0	60.0	1.0	0.8	1.8	0.0	0.4	0.2	0.0	0.0	0	0	2.0
372	Chinanu Onuaku	HOU	20	2	1	1	4.9	3.0	1.0	1.0	100	0.0	0.0	0.0	1.0	1.0	100	0.5	1.0	1.5	0.5	0.0	0.5	0.0	0.5	0	0	-6.0
373	James Jones	CLE	36	27	17	10	7.4	3.0	0.9	1.8	51.0	0.8	1.3	58.3	0.3	0.5	64.3	0.1	0.6	0.7	0.2	0.2	0.1	0.2	0.6	0	0	-1.8
374	DeAndre Liggins	CLE	28	36	25	11	15.8	2.9	1.0	2.8	36.6	0.4	1.1	38.5	0.5	0.7	65.4	0.3	1.4	1.7	1.0	0.8	0.8	0.3	1.7	0	0	1.7
375	Patrick McCaw	GSW	21	36	30	6	11.3	2.9	1.1	2.7	41.7	0.6	1.5	39.6	0.1	0.2	62.5	0.3	0.8	1.0	0.8	0.5	0.3	0.2	0.8	0	0	-1.6
376	Paul Zipser	CHI	22	17	8	9	12.2	2.9	0.9	3.1	28.3	0.4	1.5	28.0	0.8	1.0	76.5	0.2	1.6	1.8	0.4	0.6	0.1	0.2	0.8	0	0	0.5
377	Alan Williams	PHX	23	16	3	13	7.2	2.9	1.2	2.1	55.9	0.0	0.0	0.0	0.6	1.1	50.0	1.5	1.6	3.1	0.1	0.5	0.4	0.5	1.6	2	0	1.3
378	KJ McDaniels	HOU	23	25	18	7	7.9	2.9	1.1	2.5	45.2	0.3	1.0	32.0	0.4	0.4	90.0	0.2	0.9	1.1	0.2	0.4	0.2	0.3	0.9	0	0	-1.0
379	Kyle Anderson	SAS	23	40	32	8	13.5	2.9	1.1	2.4	45.3	0.2	0.5	42.1	0.6	0.7	84.6	0.4	2.2	2.6	1.0	0.5	0.7	0.4	0.8	0	0	2.7
380	Omer Asik	NOP	30	30	11	19	15.9	2.8	1.0	2.2	47.7	0.0	0.0	0.0	0.8	1.3	59.0	1.6	3.8	5.4	0.5	0.4	0.2	0.3	1.6	1	0	-1.8
381	Andrew Nicholson	WAS	27	25	15	10	8.8	2.8	1.2	3.0	40.5	0.1	0.6	18.8	0.2	0.4	60.0	0.4	0.9	1.3	0.3	0.4	0.4	0.2	1.4	0	0	-2.3
382	Malik Beasley	DEN	20	12	6	6	5.0	2.7	1.0	2.8	36.4	0.3	1.2	28.6	0.3	0.5	66.7	0.1	0.4	0.5	0.3	0.0	0.3	0.0	0.4	0	0	2.7
383	Joe Young	IND	24	21	10	11	5.4	2.6	1.0	2.9	35.0	0.2	1.0	20.0	0.4	0.6	69.2	0.0	0.6	0.7	0.6	0.2	0.2	0.0	0.2	0	0	-2.2
384	Kevon Looney	GSW	20	34	30	4	8.4	2.6	1.1	1.9	56.9	0.0	0.1	25.0	0.4	0.6	63.6	0.9	1.6	2.5	0.6	0.3	0.2	0.4	1.4	0	0	0.4
385	Chris McCullough	BKN	21	12	0	12	5.5	2.6	1.2	2.4	48.3	0.1	0.5	16.7	0.2	0.3	66.7	0.7	0.8	1.4	0.2	0.2	0.0	0.2	0.6	0	0	3.0
386	Miles Plumlee	MIL	28	31	15	16	9.5	2.6	0.9	2.0	46.0	0.0	0.0	0.0	0.7	1.1	66.7	0.6	0.9	1.6	0.6	0.7	0.4	0.3	1.5	0	0	-0.7
387	Jeff Withey	UTA	26	27	18	9	8.3	2.5	0.9	1.6	57.1	0.0	0.0	0.0	0.7	1.0	76.9	0.8	1.4	2.3	0.1	0.3	0.3	0.7	1.0	0	0	-0.8
388	Marcelo Huertas	LAL	33	20	5	15	10.4	2.5	1.0	2.8	36.4	0.1	0.7	14.3	0.4	0.8	50.0	0.1	1.0	1.0	2.4	0.9	0.5	0.1	0.7	0	0	-2.2
389	Demetrius Jackson	BOS	22	4	1	3	4.2	2.5	0.8	1.0	75.0	0.3	0.3	100	0.8	1.5	50.0	0.5	0.5	1.0	0.8	0.0	0.0	0.0	0.0	0	0	0.3
390	Salah Mejri	DAL	30	39	13	26	13.5	2.5	1.1	1.6	65.6	0.0	0.1	0.0	0.3	0.6	59.1	1.3	3.0	4.3	0.3	0.6	0.5	0.9	2.3	0	0	-1.0
391	DeAndre' Bembry	ATL	22	17	9	8	7.5	2.5	1.1	2.2	48.6	0.0	0.4	0.0	0.4	0.8	46.2	0.3	0.9	1.2	0.4	0.4	0.1	0.0	0.4	0	0	-1.8
392	Raul Neto	UTA	24	25	15	10	8.0	2.4	1.0	2.3	43.9	0.2	0.8	28.6	0.1	0.1	100	0.0	0.7	0.8	0.8	0.4	0.5	0.0	1.0	0	0	1.8
393	Jake Layman	POR	22	23	8	15	6.3	2.3	0.8	2.4	32.1	0.4	1.7	23.7	0.4	0.6	69.2	0.1	0.5	0.6	0.3	0.2	0.3	0.1	0.6	0	0	1.5
394	Chris Andersen	CLE	38	12	8	4	9.5	2.3	0.8	1.8	40.9	0.0	0.3	0.0	0.8	1.2	71.4	0.8	1.8	2.6	0.4	0.4	0.4	0.6	1.7	0	0	0.7
395	Greivis Vasquez	BKN	30	3	1	2	12.9	2.3	0.7	2.7	25.0	0.3	1.0	33.3	0.7	1.0	66.7	0.0	0.7	0.7	1.7	0.3	0.3	0.3	2.0	0	0	-4.3
396	Jordan Mickey	BOS	22	13	5	8	8.1	2.3	0.9	2.0	46.2	0.0	0.0	0.0	0.5	0.8	60.0	0.9	0.9	1.8	0.4	0.5	0.2	0.2	0.7	0	0	-3.4
397	Maurice Ndour	NYK	24	17	6	11	7.8	2.3	0.9	1.9	45.5	0.0	0.2	0.0	0.5	0.6	90.0	0.4	1.0	1.4	0.1	0.3	0.5	0.1	0.9	0	0	0.2
398	Kyle Singler	OKC	28	23	12	11	10.4	2.2	0.8	2.0	41.3	0.3	1.0	26.1	0.3	0.3	87.5	0.1	1.0	1.1	0.2	0.4	0.1	0.1	0.7	0	0	0.3
399	Thon Maker	MIL	19	21	10	11	4.7	2.2	0.7	1.3	55.6	0.3	0.6	50.0	0.5	0.7	66.7	0.3	0.8	1.1	0.0	0.1	0.1	0.2	0.6	0	0	-0.1
400	Mike Scott	ATL	28	13	6	7	10.8	2.2	0.8	3.3	23.3	0.2	1.8	13.0	0.4	0.5	83.3	0.5	1.6	2.2	1.2	0.5	0.2	0.1	0.7	0	0	-3.5
401	Cole Aldrich	MIN	28	40	15	25	10.5	2.2	0.9	1.7	53.7	0.0	0.0	0.0	0.4	0.5	66.7	1.1	2.3	3.3	0.6	0.3	0.5	0.5	1.7	1	0	-0.9
402	Sasha Vujacic	NYK	32	24	9	15	8.2	2.1	0.7	2.1	34.0	0.4	1.3	30.0	0.3	0.4	77.8	0.1	1.1	1.2	0.8	0.4	0.3	0.0	0.8	0	0	0.6
403	Jakob Poeltl	TOR	21	25	19	6	10.1	2.1	0.8	1.7	44.2	0.0	0.0	0.0	0.6	1.0	56.0	1.3	1.4	2.7	0.2	0.4	0.4	0.3	2.1	0	0	-1.7
404	Udonis Haslem	MIA	36	13	3	10	8.5	2.1	0.7	1.4	50.0	0.0	0.1	0.0	0.7	1.2	60.0	0.5	1.6	2.2	0.5	0.5	0.4	0.1	1.3	0	0	-4.1
405	Edy Tavares	ATL	24	1	1	0	3.6	2.0	1.0	1.0	100	0.0	0.0	0.0	0.0	2.0	0.0	0.0	1.0	1.0	0.0	0.0	0.0	0.0	0.0	0	0	6.0
406	Jordan Hill	MIN	29	5	2	3	7.9	2.0	0.8	2.2	36.4	0.0	0.0	0.0	0.4	0.4	100	1.4	1.2	2.6	0.0	0.6	0.2	0.0	1.8	0	0	1.2
407	Deyonta Davis	MEM	20	24	16	8	7.4	2.0	0.8	1.5	54.1	0.0	0.0	0.0	0.3	0.5	61.5	0.7	1.4	2.0	0.1	0.3	0.0	0.5	1.3	0	0	-0.8
408	Gary Neal	ATL	32	2	1	1	9.2	2.0	0.0	3.5	0.0	0.0	1.0	0.0	2.0	2.0	100	0.0	0.5	0.5	0.5	0.0	0.0	0.0	0.5	0	0	-2.5
409	Fred VanVleet	TOR	22	16	11	5	5.8	2.0	0.9	2.3	38.9	0.3	0.6	40.0	0.0	0.1	0.0	0.1	0.7	0.8	0.6	0.1	0.5	0.1	0.6	0	0	0.9
410	Tyler Ennis	HOU	22	27	19	8	6.6	2.0	0.9	2.2	38.3	0.2	0.5	35.7	0.1	0.1	66.7	0.1	0.4	0.6	1.1	0.8	0.2	0.0	1.0	0	0	-2.0
411	Marshall Plumlee	NYK	24	5	3	2	11.4	1.8	0.6	0.8	75.0	0.0	0.0	0.0	0.6	1.2	50.0	1.4	1.8	3.2	0.8	0.6	0.2	0.4	1.8	0	0	1.8
412	John Jenkins	PHX	25	4	0	4	3.2	1.8	0.5	1.3	40.0	0.3	0.5	50.0	0.5	0.5	100	0.0	0.3	0.3	0.3	0.0	0.0	0.0	0.0	0	0	2.3
413	Damjan Rudez	ORL	30	28	9	19	7.0	1.8	0.6	1.9	34.0	0.5	1.5	31.0	0.0	0.0	0.0	0.2	0.5	0.7	0.4	0.3	0.3	0.0	0.8	0	0	-0.2
414	Mike Miller	DEN	36	8	2	6	5.1	1.8	0.5	1.1	44.4	0.5	0.9	57.1	0.3	0.3	100	0.3	1.3	1.5	0.9	0.5	0.0	0.0	0.3	0	0	-0.6
415	James Michael McAdoo	GSW	24	19	16	3	6.6	1.7	0.7	1.5	50.0	0.0	0.2	0.0	0.3	0.5	55.6	0.1	1.1	1.2	0.3	0.5	0.1	0.3	0.5	0	0	-0.7
416	Nicolas Brussino	DAL	23	29	7	22	6.8	1.6	0.6	1.5	36.4	0.3	1.1	29.0	0.2	0.2	85.7	0.3	0.8	1.1	0.7	0.3	0.3	0.1	0.5	0	0	0.3
417	Derrick Jones, Jr.	PHX	19	2	0	2	2.8	1.5	0.5	0.5	100	0.0	0.0	0.0	0.5	0.5	100	0.0	0.0	0.0	0.0	0.0	0.0	0.0	0.5	0	0	1.5
418	Jarnell Stokes	DEN	23	2	0	2	3.3	1.5	0.5	0.5	100	0.0	0.0	0.0	0.5	1.0	50.0	0.5	0.5	1.0	1.0	0.0	0.5	0.0	1.5	0	0	0.0
419	Treveon Graham	CHA	23	14	8	6	6.1	1.5	0.4	0.9	50.0	0.3	0.4	66.7	0.4	0.6	62.5	0.1	0.7	0.8	0.4	0.1	0.1	0.0	0.9	0	0	-0.9
420	Diamond Stone	LAC	19	4	4	0	3.9	1.5	0.5	2.3	22.2	0.0	0.0	0.0	0.5	0.5	100	0.3	0.5	0.8	0.0	0.3	0.0	0.3	1.0	0	0	-4.8
421	Henry Ellenson	DET	20	14	6	8	4.0	1.5	0.6	1.6	34.8	0.3	1.0	28.6	0.1	0.1	100	0.1	0.7	0.9	0.3	0.4	0.0	0.0	0.2	0	0	-1.1
422	James Young	BOS	21	13	7	6	6.1	1.5	0.5	1.5	36.8	0.2	0.8	27.3	0.2	0.2	100	0.2	0.8	1.0	0.2	0.2	0.2	0.0	0.2	0	0	1.8
423	Pat Connaughton	POR	24	20	6	14	5.9	1.5	0.6	1.0	55.0	0.2	0.4	42.9	0.2	0.3	66.7	0.2	0.7	0.9	0.5	0.1	0.1	0.1	0.4	0	0	0.8
424	Brian Roberts	CHA	31	12	7	5	5.4	1.4	0.3	1.3	20.0	0.0	0.2	0.0	0.9	1.2	78.6	0.2	0.4	0.6	0.7	0.5	0.2	0.0	0.2	0	0	-1.9
425	AJ Hammons	DAL	24	17	3	14	4.5	1.4	0.5	1.3	40.9	0.2	0.4	66.7	0.1	0.6	20.0	0.3	0.9	1.2	0.1	0.2	0.0	0.4	0.6	0	0	1.8
426	Tim Quarterman	POR	22	12	4	8	3.3	1.3	0.6	0.8	70.0	0.2	0.4	40.0	0.0	0.0	0.0	0.2	0.3	0.5	0.6	0.3	0.1	0.2	0.3	0	0	1.0
427	Lavoy Allen	IND	27	32	15	17	11.6	1.3	0.6	1.8	32.2	0.0	0.0	0.0	0.1	0.2	66.7	1.0	1.3	2.3	0.9	0.3	0.3	0.3	1.0	0	0	-3.7
428	Bryn Forbes	SAS	23	17	13	4	5.1	1.3	0.5	1.5	36.0	0.2	0.8	23.1	0.1	0.1	100	0.1	0.4	0.5	0.1	0.0	0.1	0.0	0.6	0	0	-2.2
429	Nick Collison	OKC	36	11	4	7	5.9	1.3	0.5	0.9	60.0	0.0	0.0	0.0	0.2	0.3	66.7	0.3	0.8	1.1	0.6	0.3	0.1	0.1	0.6	0	0	0.7
430	Daniel Ochefu	WAS	23	11	7	4	3.9	1.3	0.6	1.3	50.0	0.0	0.0	0.0	0.0	0.2	0.0	0.2	1.1	1.3	0.1	0.3	0.1	0.0	0.9	0	0	-1.3
431	Stephen Zimmerman	ORL	20	8	3	5	4.0	1.3	0.6	1.4	45.5	0.0	0.0	0.0	0.0	0.1	0.0	0.5	1.3	1.8	0.1	0.0	0.1	0.1	0.1	0	0	-1.1
432	Anderson Varejao	GSW	34	11	9	2	6.6	1.2	0.3	0.9	30.0	0.0	0.0	0.0	0.6	0.8	77.8	1.0	1.1	2.1	0.7	0.6	0.2	0.2	0.9	0	0	-2.5
433	Ryan Kelly	ATL	25	9	3	6	5.3	1.1	0.3	1.1	30.0	0.2	0.6	40.0	0.2	0.2	100	0.0	1.1	1.1	0.6	0.2	0.4	0.2	0.3	0	0	2.0
434	Kyle Wiltjer	HOU	24	9	8	1	3.3	1.1	0.3	1.1	30.0	0.3	1.1	30.0	0.1	0.2	50.0	0.3	0.4	0.8	0.0	0.3	0.0	0.1	0.3	0	0	-3.1
435	Ian Mahinmi	WAS	30	1	0	1	14.1	1.0	0.0	1.0	0.0	0.0	0.0	0.0	1.0	2.0	50.0	0.0	1.0	1.0	0.0	2.0	1.0	1.0	3.0	0	0	-11.0
436	Rakeem Christmas	IND	25	3	0	3	4.8	1.0	0.3	1.3	25.0	0.0	0.0	0.0	0.3	0.3	100	0.3	0.7	1.0	0.3	0.0	0.0	0.3	0.3	0	0	-0.3
437	Georgios Papagiannis	SAC	19	2	0	2	4.5	1.0	0.5	0.5	100	0.0	0.0	0.0	0.0	0.0	0.0	0.0	0.5	0.5	0.0	0.5	0.0	0.0	1.5	0	0	0.0
438	Metta World Peace	LAL	37	17	3	14	4.7	0.9	0.3	1.5	20.0	0.1	0.9	13.3	0.2	0.4	66.7	0.2	0.4	0.5	0.3	0.2	0.2	0.1	0.8	0	0	-3.8
439	Bobby Brown	HOU	32	13	9	4	3.0	0.9	0.4	1.7	22.7	0.2	0.8	20.0	0.0	0.0	0.0	0.0	0.4	0.4	0.1	0.1	0.0	0.0	0.2	0	0	-2.3
440	Joel Bolomboy	UTA	22	9	6	3	2.3	0.9	0.3	0.6	60.0	0.0	0.1	0.0	0.2	0.4	50.0	0.1	1.0	1.1	0.1	0.1	0.1	0.1	0.1	0	0	-0.2
441	CJ Wilcox	ORL	26	16	6	10	4.7	0.9	0.3	1.1	29.4	0.1	0.8	16.7	0.1	0.1	100	0.1	0.4	0.6	0.6	0.3	0.1	0.1	0.3	0	0	-0.4
442	Alonzo Gee	DEN	29	13	4	9	6.9	0.8	0.2	1.1	21.4	0.0	0.2	0.0	0.4	0.7	55.6	0.3	0.8	1.1	0.5	0.3	0.4	0.1	1.1	0	0	-1.4
443	Georges Niang	IND	23	19	9	10	4.4	0.8	0.3	1.7	18.8	0.1	0.6	9.1	0.1	0.1	100	0.1	0.6	0.7	0.3	0.3	0.2	0.0	0.3	0	0	-0.4
444	Steve Novak	MIL	33	8	6	2	2.7	0.6	0.3	0.9	28.6	0.1	0.8	16.7	0.0	0.0	0.0	0.0	0.4	0.4	0.0	0.0	0.0	0.0	0.1	0	0	0.0
445	Arinze Onuaku	ORL	29	8	3	5	3.5	0.5	0.3	0.5	50.0	0.0	0.0	0.0	0.0	0.0	0.0	0.3	0.5	0.8	0.3	0.3	0.0	0.1	0.4	0	0	-1.9
445	Michael Gbinije	DET	24	8	6	2	3.6	0.5	0.1	1.3	10.0	0.0	0.5	0.0	0.3	0.3	100	0.3	0.1	0.4	0.3	0.0	0.0	0.0	0.3	0	0	-0.1
447	John Lucas III	MIN	34	5	3	2	2.1	0.4	0.2	0.8	25.0	0.0	0.2	0.0	0.0	0.0	0.0	0.0	0.0	0.0	0.2	0.0	0.4	0.0	0.0	0	0	2.4
448	Bruno Caboclo	TOR	21	8	7	1	2.9	0.4	0.1	0.6	20.0	0.1	0.4	33.3	0.0	0.0	0.0	0.4	0.4	0.8	0.4	0.3	0.3	0.0	0.4	0	0	0.5
449	Aaron Harrison	CHA	22	5	2	3	3.3	0.2	0.0	0.8	0.0	0.0	0.4	0.0	0.2	0.4	50.0	0.0	0.6	0.6	0.6	0.0	0.0	0.0	0.4	0	0	-1.0
450	Damian Jones	GSW	21	2	1	1	8.2	0.0	0.0	0.5	0.0	0.0	0.0	0.0	0.0	0.0	0.0	0.0	0.5	0.5	0.0	1.5	0.5	0.0	2.0	0	0	-2.5
451	Christian Wood	CHA	21	1	1	0	3.3	0.0	0.0	1.0	0.0	0.0	1.0	0.0	0.0	0.0	0.0	0.0	2.0	2.0	0.0	0.0	0.0	0.0	0.0	0	0	-3.0
452	RJ Hunter	CHI	23	3	2	1	3.1	0.0	0.0	0.3	0.0	0.0	0.3	0.0	0.0	0.0	0.0	0.0	0.3	0.3	0.0	0.0	0.0	0.0	0.0	0	0	-3.3
453	Joel Anthony	SAS	34	1	1	0	5.1	0.0	0.0	1.0	0.0	0.0	0.0	0.0	0.0	0.0	0.0	1.0	3.0	4.0	0.0	0.0	0.0	0.0	0.0	0	0	-1.0
454	Danuel House	WAS	23	1	0	1	0.8	0.0	0.0	0.0	0.0	0.0	0.0	0.0	0.0	0.0	0.0	0.0	1.0	1.0	0.0	0.0	0.0	0.0	0.0	0	0	0.0
